381.177 0.00300000
384.075 0.01333333
384.785 0.00001200
390.741 0.00153333
390.93 0.00007333
391.44 0.00002467
392.012 0.00008667
392.753 0.00000000
392.837 0.00000000
394.043 0.00000000
394.29 0.00446667
394.943 0.00386667
398.158 0.02333333
398.519 0.01666667
399.168 0.00000000
399.246 0.00000000
405.548 0.00007333
408.343 0.00000000
408.592 0.01333333
411.189 0.00003267
418.547 0.29000000
421.096 0.22000000
421.153 0.00003800
421.281 0.16000000
421.573 0.00008000
424.069 0.00005733
424.157 0.00003467
431.107 0.08000000
431.351 0.00100000
431.959 0.00213333
433.314 0.00058000
436.416 0.00056000
438.505 0.01000000
439.623 0.06000000
441.2 0.00042667
443.057 0.00065333
444.919 0.00126667
447.604 0.28000000
447.912 0.00140000
448.858 0.00153333
449.342 0.00048000
449.494 0.00166667
451.405 0.00022000
451.552 0.00053333
453.015 0.00016667
453.039 0.00113333
453.381 0.00006333
455.552 0.00005467
461.569 0.00666667
462.004 0.00666667
462.047 0.00666667
466.848 0.40000000
467.76 0.00005933
470.587 0.00009333
478.84 0.00024000
479.646 0.00002000
484.782 0.00005400
487.41 0.12000000
488.821 0.01666667
489.134 0.00001533
491.748 0.00001267
493.575 0.00001200
498.328 0.00001533
499.286 0.00001600
502.734 0.00010000
512.35 0.05000000
513.725 0.00113333
514.282 0.00240000
519.817 0.00001733
520.908 1.00000000
531.246 0.00080000
531.721 0.00003133
531.97 0.00001333
533.25 0.00086667
533.362 0.00480000
534.003 0.00200000
536.279 0.00233333
537.382 0.00008000
539.247 0.00373333
540.01 0.05000000
540.313 0.03666667
541.081 0.00393333
541.194 0.00153333
542.405 0.00213333
544.091 0.00003400
546.55 0.60000000
547.156 0.30000000
547.538 0.00001533
547.866 0.00160000
548.816 0.02666667
549.383 0.01000000
553.845 0.00040667
554.321 0.00666667
554.567 0.00003667
555.193 0.01333333
555.814 0.00266667
555.954 0.00001133
557.383 0.00286667
557.968 0.00326667
558.842 0.00246667
558.978 0.00606667
561.061 0.01333333
562.097 0.00010000
562.248 0.05000000
566.734 0.00030667
573.423 0.00003733
608.378 0.00016000
625.59 0.01000000
626.85 0.00300000
627.915 0.04000000
633.128 0.06000000
640.36 0.05333333
650.575 0.05666667
662.117 0.03000000
669.722 0.06333333
671.736 0.08000000
689.37 0.14000000
693.999 0.09000000
699.891 0.18000000