384.204 0.00600000
384.221 0.00266667
384.232 0.00117333
385.933 0.00533333
386.616 0.00266667
388.8 0.00037333
389.53 0.00030667
389.6 0.00030667
390.068 0.06400000
390.42 0.00033333
391.39 0.00044000
393.2 0.00333333
393.568 0.00266667
394.401 0.93333333
396.152 1.00000000
397.999 0.00026667
398.01 0.00026667
398.014 0.00128000
398.087 0.00026667
398.126 0.00026667
398.825 0.00026667
398.959 0.00026667
399.042 0.00026667
399.584 0.00800000
399.608 0.00054667
399.614 0.00200000
399.618 0.00054667
399.625 0.00026667
399.632 0.00054667
399.637 0.00266667
399.816 0.00056000
400.138 0.00030667
400.57 0.00065333
400.958 0.00106667
402.65 0.01266667
405.68 0.00117333
408.245 0.00466667
408.414 0.00090667
408.421 0.00090667
408.427 0.00090667
408.861 0.00600000
410.549 0.00110667
410.554 0.00110667
411.544 0.00200000
414.237 0.06200000
414.992 0.13333333
414.997 0.01133333
415.017 0.13333333
415.091 0.01133333
415.39 0.01066667
415.393 0.01000000
415.9 0.00866667
418.973 0.00200000
419.041 0.01600000
422.681 0.03800000
422.692 0.00200000
422.742 0.00866667
422.749 0.03200000
422.754 0.00600000
422.788 0.00200000
422.794 0.00666667
422.8 0.02200000
424.071 0.01600000
425.512 0.00266667
428.297 0.01000000
429.394 0.00866667
430.72 0.20000000
433.2 0.01133333
434.687 0.00800000
434.69 0.02400000
434.692 0.01600000
434.727 0.02400000
434.782 0.07200000
435.756 0.02000000
436.459 0.00400000
436.464 0.02400000
437.858 0.07000000
440.0 0.02000000
441.138 0.07400000
442.0 0.01800000
443.282 0.06000000
443.615 0.08400000
444.78 0.08200000
446.885 0.04800000
447.989 0.02800000
447.997 0.02800000
448.987 0.00866667
450.225 0.12200000
450.374 0.13333333
451.256 0.06000000
452.894 0.07200000
452.919 0.09200000
454.927 0.02200000
455.0 0.00533333
456.8 0.00266667
458.582 0.26666667
458.808 0.01600000
458.819 0.26666667
458.959 0.00800000
458.967 0.03200000
458.974 0.13333333
460.97 0.02600000
461.065 0.00666667
461.101 0.00666667
462.035 0.05400000
462.606 0.02200000
462.97 0.03800000
463.15 0.02200000
463.32 0.02400000
463.576 0.05200000
463.937 0.02600000
463.979 0.07600000
464.042 0.20000000
464.732 0.06000000
464.861 0.02000000
465.3 0.00466667
465.505 0.00333333
466.306 0.60000000
466.68 0.00200000
470.0 0.01800000
470.115 0.11400000
470.129 0.10800000
470.141 0.13333333
471.0 0.01800000
487.0 0.05200000
488.0 0.01333333
489.852 0.02000000
489.876 0.07600000
489.964 0.03400000
490.0 0.00200000
490.277 0.05400000
490.403 0.00200000
490.41 0.02200000
491.898 0.06800000
495.0 0.00600000
496.21 0.10000000
500.097 0.08400000
508.502 0.06200000
509.365 0.04400000
510.034 0.02800000
510.752 0.06200000
510.794 0.04000000
512.0 0.00866667
514.442 0.07000000
514.494 0.20000000
514.571 0.26666667
515.101 0.09600000
515.823 0.20000000
516.389 0.05400000
517.0 0.04000000
517.06 0.02200000
521.0 0.00200000
526.011 0.00400000
526.02 0.00060000
527.642 0.00400000
527.681 0.00400000
527.768 0.00400000
527.862 0.00600000
528.0 0.00038667
528.021 0.01800000
528.027 0.00037333
528.374 0.03600000
528.381 0.00036000
528.386 0.00036000
528.584 0.01800000
531.076 0.00333333
531.232 0.01266667
531.608 0.02800000
532.461 0.01133333
533.0 0.00052000
537.0 0.00066667
537.184 0.03400000
538.848 0.00533333
551.853 0.00733333
552.464 0.00800000
555.0 0.00400000
555.706 0.04000000
555.795 0.03800000
559.33 0.13333333
561.329 0.06400000
563.4 0.00466667
569.0 0.00200000
569.66 0.03200000
572.273 0.03000000
574.6 0.00333333
576.1 0.00266667
585.362 0.05800000
586.153 0.03600000
586.162 0.00133333
586.764 0.00132000
586.779 0.00132000
586.781 0.02000000
597.198 0.00733333
599.97 0.00200000
599.975 0.00200000
599.983 0.00200000
600.118 0.00110667
600.176 0.01333333
600.188 0.01133333
600.641 0.00666667
600.651 0.00022667
600.657 0.00022667
601.0 0.00022667
605.521 0.00128000
605.542 0.00022667
605.984 0.00101333
606.112 0.00046667
606.632 0.00333333
606.637 0.00046667
606.644 0.00266667
606.843 0.01400000
606.847 0.01400000
606.853 0.00733333
607.32 0.00333333
608.0 0.00022667
610.85 0.00017333
613.21 0.00014667
618.0 0.00034667
618.157 0.00333333
618.163 0.02200000
618.168 0.01200000
618.233 0.00533333
618.345 0.00733333
620.153 0.00733333
622.618 0.03000000
623.162 0.00200000
623.175 0.06400000
624.307 0.00266667
624.32 0.00266667
624.336 0.20000000
627.0 0.00088000
629.5 0.00034667
630.179 0.00036000
630.185 0.00088000
631.3 0.00053333
631.99 0.00056000
633.57 0.01600000
634.0 0.00065333
638.0 0.00533333
642.0 0.05400000
649.313 0.00533333
649.323 0.00533333
649.396 0.00533333
649.407 0.00533333
649.545 0.01133333
654.312 0.20000000
655.618 0.20000000
660.964 0.04800000
669.602 0.06000000
669.639 0.01200000
669.867 0.01200000
669.946 0.00133333
670.085 0.00117333
677.71 0.00082667
678.52 0.00084000
681.669 0.00333333
682.348 0.00666667
683.714 0.00933333
688.0 0.00066667
690.564 0.00068000
690.628 0.00068000
690.64 0.00266667
691.793 0.01800000
691.996 0.01800000
692.0 0.00069333