395.258 0.10000000
402.025 0.01050000
403.581 0.01050000
403.637 0.04950000
408.929 0.50000000
408.932 0.01050000
414.096 0.01050000
418.812 0.10000000
426.555 0.10000000
428.926 0.50000000
430.965 0.01950000
432.457 0.20000000
444.136 0.20000000
450.945 0.50000000
457.559 0.50000000
459.331 0.10000000
464.912 0.01050000
465.345 0.01050000
466.279 0.50000000
468.165 0.20000000
469.97 0.20000000
470.68 0.10000000
487.222 0.20000000
499.079 0.01950000
500.021 0.01050000
502.096 0.10000000
521.599 0.01950000
540.262 0.10000000
542.47 0.10000000
558.421 0.10000000
559.813 0.10000000
605.464 1.00000000
640.511 0.10000000
654.416 0.04950000
695.558 0.04950000