380.317 0.00285714
380.857 0.00197143
380.946 0.00428571
381.121 0.00021143
381.57 0.00010000
381.738 0.00010000
381.902 0.00077143
382.325 0.00040000
382.567 0.00128571
382.681 0.00185714
383.016 0.00011714
383.04 0.00114286
383.052 0.00080000
383.37 0.00010571
383.468 0.08142857
383.824 0.00007429
384.152 0.00042857
384.456 0.00037143
384.473 0.00040000
384.54 0.00080000
385.058 0.03000000
385.516 0.00034286
385.614 0.00031429
385.829 0.00040000
386.135 0.00014286
386.853 0.00285714
386.961 0.00008000
387.214 0.00057143
387.422 0.00013429
387.526 0.00137143
388.033 0.00026286
388.314 0.00005143
389.14 0.00068571
389.198 0.00114286
389.466 0.01285714
389.525 0.00013429
390.063 0.00042857
390.695 0.00004000
390.784 0.00031429
391.158 0.00037143
391.477 0.00088571
391.552 0.00003143
391.777 0.00010286
392.236 0.00005429
392.253 0.00002657
392.356 0.00002600
392.572 0.00008571
392.605 0.00031429
392.862 0.00285714
393.124 0.00037143
393.255 0.00062857
393.317 0.00003714
393.528 0.00001800
393.884 0.00001771
394.427 0.00097143
394.61 0.00045714
394.751 0.01857143
394.898 0.03428571
395.273 0.00025714
395.838 0.00016286
396.049 0.00012571
396.836 0.00285714
397.448 0.00015714
397.476 0.00023714
397.936 0.00040000
398.042 0.00001600
398.816 0.00008000
399.205 0.00040000
399.479 0.00016286
399.559 0.00011429
399.925 0.00005714
400.114 0.00004286
400.536 0.00013714
400.763 0.00002686
401.121 0.00008286
401.386 0.00285714
401.984 0.00009714
402.359 0.00005429
403.138 0.00003714
403.381 0.00057143
403.478 0.00001543
403.546 0.00057143
403.88 0.00080000
404.219 0.00004857
404.289 0.00168571
404.442 0.02571429
404.568 0.00011143
404.597 0.00285714
404.748 0.00004286
405.112 0.00006857
405.292 0.00045714
405.354 0.00001400
405.453 0.00191429
405.767 0.00001371
405.989 0.00004000
406.05 0.00002543
406.511 0.00004000
407.078 0.00012000
407.2 0.00428571
407.238 0.00108571
407.663 0.00054286
407.694 0.00027429
407.957 0.00054286
408.064 0.00100000
408.07 0.00027714
408.239 0.00082857
408.347 0.00001457
408.889 0.00011714
409.714 0.00015429
409.72 0.00024000
409.819 0.00007714
409.946 0.00015429
410.383 0.00285714
410.391 0.00571429
411.282 0.00065714
411.449 0.00006857
411.638 0.00034286
412.406 0.00003429
412.719 0.00013714
412.864 0.00065714
412.968 0.00034286
413.172 0.00262857
414.424 0.00016857
414.66 0.00003143
414.738 0.00006857
414.903 0.00010286
415.291 0.00001714
415.609 0.00062857
415.859 0.03857143
416.251 0.00003143
416.418 0.03000000
416.897 0.00015429
417.369 0.00006857
417.836 0.00062857
417.93 0.00062857
418.188 0.03000000
418.297 0.00048571
418.359 0.00011143
418.965 0.00031429
419.071 0.01857143
419.103 0.03857143
419.832 0.03857143
419.883 0.00010286
419.989 0.00016000
420.067 0.03857143
420.156 0.00006286
420.197 0.00062857
420.341 0.00062857
420.994 0.00002400
421.095 0.00002343
421.485 0.00004286
421.743 0.00034286
421.866 0.00065714
422.264 0.00068571
422.661 0.00006857
422.699 0.00034286
422.816 0.00140000
422.987 0.00034286
423.722 0.00148571
424.364 0.00007714
425.119 0.03000000
425.56 0.00020571
425.666 0.00003429
425.936 0.05142857
426.629 0.05142857
426.653 0.00857143
426.749 0.00011143
426.773 0.00011143
427.217 0.05142857
427.516 0.00045714
427.753 0.00428571
428.29 0.00182857
428.636 0.00023714
429.76 0.00004857
429.796 0.00097143
430.01 0.05571429
430.045 0.00008286
430.065 0.00145714
430.909 0.00009714
430.924 0.00024286
432.734 0.00010286
432.944 0.00027143
433.12 0.01000000
433.203 0.00428571
433.356 0.05142857
433.534 0.04285714
433.707 0.00160000
433.823 0.00023429
434.517 0.05142857
434.59 0.00034286
434.806 0.02571429
435.22 0.00151429
435.849 0.00009714
436.207 0.00097143
436.38 0.00428571
436.783 0.00045714
437.075 0.00140000
437.133 0.00428571
437.249 0.00034286
437.486 0.00022571
437.595 0.00088571
437.921 0.00042857
437.967 0.00285714
437.988 0.03000000
438.293 0.00018571
438.375 0.00042857
438.506 0.00021143
438.697 0.00018286
439.462 0.00008000
439.78 0.00017143
440.01 0.00114286
440.099 0.00148571
440.174 0.00006857
440.49 0.00007143
440.647 0.00031429
440.9 0.00001571
441.256 0.00003143
441.29 0.00009143
442.091 0.00122857
442.399 0.00240000
442.6 0.00857143
443.019 0.00282857
443.1 0.00225714
443.384 0.00054286
443.812 0.00016571
443.881 0.00002314
443.946 0.00005143
443.988 0.00045714
444.012 0.00013143
444.585 0.00012286
444.846 0.00037143
444.888 0.00037143
444.92 0.00018571
444.952 0.00018571
445.655 0.00004571
445.888 0.00002371
446.056 0.00045714
447.476 0.00054286
448.181 0.00254286
449.098 0.00077143
449.854 0.00048571
450.293 0.00105714
450.308 0.00003714
450.47 0.00005429
450.996 0.00011714
451.073 0.06000000
451.61 0.00005714
451.754 0.00022286
452.232 0.04714286
453.055 0.00054286
453.549 0.00051429
453.764 0.00048571
453.871 0.00015429
454.387 0.00034286
454.475 0.00114286
454.505 0.00714286
454.776 0.00065714
454.856 0.00006286
455.432 0.00037143
456.101 0.00021429
456.374 0.00040000
456.441 0.00040000
456.521 0.00011429
457.289 0.00002686
457.935 0.00125714
458.496 0.00014571
458.661 0.00014286
458.721 0.00007143
458.79 0.00002829
458.929 0.00111429
458.99 0.00208571
459.345 0.00002686
459.61 0.01285714
459.876 0.00025714
460.002 0.00001171
460.957 0.00428571
461.124 0.00006000
461.41 0.00000000
462.547 0.00013143
462.844 0.01285714
463.08 0.00001371
463.723 0.00045714
464.214 0.00131429
464.749 0.00068571
464.8 0.00001686
465.79 0.00271429
466.626 0.00003429
468.15 0.00006571
468.228 0.00014000
468.762 0.00005714
470.232 0.01285714
470.336 0.00010286
471.082 0.00009429
471.135 0.00000000
472.159 0.00009429
472.687 0.00191429
473.067 0.00004857
473.139 0.00005429
473.205 0.00004857
473.591 0.00428571
474.02 0.00001057
474.319 0.00001114
474.682 0.00094286
475.294 0.00191429
475.722 0.00005143
476.486 0.00237143
476.867 0.00254286
477.217 0.00005143
478.615 0.00004286
479.208 0.00042857
479.259 0.00002086
479.371 0.00002057
479.874 0.00057143
480.137 0.00002486
480.602 0.00714286
483.597 0.00028000
483.67 0.00140000
484.12 0.00000000
484.781 0.00714286
484.785 0.00088571
484.8 0.00007714
485.616 0.00001057
486.591 0.00018000
486.756 0.00009429
487.626 0.00428571
487.712 0.00005714
487.986 0.04285714
488.224 0.00021714
488.629 0.00071429
488.795 0.00428571
488.826 0.00013429
488.904 0.00007714
489.198 0.00010571
489.469 0.00428571
490.475 0.00074286
491.432 0.00005143
492.103 0.00214286
493.321 0.00080000
493.608 0.00004286
493.772 0.00082857
494.292 0.00013714
494.94 0.00005143
495.292 0.00002343
495.511 0.00005143
495.675 0.00245714
495.948 0.00001257
496.508 0.00085714
497.216 0.00037143
498.002 0.00000000
498.994 0.00105714
499.072 0.00000000
499.262 0.00007429
499.345 0.00000000
499.375 0.00001514
499.678 0.00001571
500.933 0.00428571
501.492 0.00001343
501.716 0.00114286
501.763 0.00009429
502.478 0.00001114
503.07 0.00000000
503.202 0.00065714
503.44 0.00010857
503.777 0.00000000
504.242 0.00000000
504.511 0.00000000
504.881 0.00428571
505.418 0.00271429
505.653 0.00182857
506.008 0.00428571
506.204 0.00188571
507.098 0.00042857
507.308 0.00231429
507.803 0.00054286
508.708 0.00102857
508.764 0.00000000
509.049 0.00009143
509.217 0.00001686
509.585 0.00003714
509.685 0.00001886
510.045 0.00000000
510.473 0.00042857
511.82 0.00122857
512.148 0.00009429
512.259 0.00000000
512.297 0.00003714
512.577 0.00031429
512.78 0.00117143
512.908 0.00003714
513.111 0.00001829
513.215 0.00003714
514.178 0.00031429
514.531 0.02000000
515.139 0.00428571
515.23 0.00002029
515.286 0.00010000
515.951 0.00022857
516.081 0.00002314
516.229 0.01142857
516.275 0.00004571
516.577 0.00048571
517.543 0.00002800
517.623 0.00021429
517.754 0.00082857
517.924 0.00002086
518.309 0.00001457
518.775 0.01571429
519.137 0.00014000
519.182 0.00001857
519.273 0.00111429
519.405 0.00009143
520.219 0.00005143
520.444 0.00006286
521.049 0.00214286
521.477 0.00205714
521.511 0.00000000
521.63 0.00060000
521.681 0.00010286
521.959 0.00000000
522.127 0.00428571
522.186 0.00005143
523.05 0.00005429
523.075 0.00000000
523.603 0.00000000
523.623 0.00020571
523.685 0.00000000
523.792 0.00001029
524.109 0.00065714
524.179 0.00002000
524.509 0.00001057
524.538 0.00007429
524.62 0.00045714
524.747 0.00001114
524.799 0.00003429
524.916 0.00051429
524.955 0.00013143
525.057 0.00001314
525.111 0.00015143
525.14 0.00014000
525.214 0.00001286
525.279 0.00428571
525.447 0.00088571
525.539 0.00000000
525.568 0.00001429
525.656 0.00011714
525.822 0.00001514
525.917 0.00001543
526.19 0.00010857
526.43 0.00001543
526.478 0.00026286
526.716 0.00021143
526.796 0.00004571
526.825 0.00004571
526.976 0.00006000
527.358 0.00001371
527.385 0.00000000
528.163 0.00002686
528.344 0.00026286
528.544 0.00002400
528.607 0.00077143
528.689 0.00025143
528.863 0.00001114
529.002 0.00024571
529.006 0.00009714
529.099 0.00000000
529.197 0.00000000
529.382 0.00006000
529.589 0.00002800
529.639 0.00005714
529.679 0.00002714
529.8 0.00001743
529.908 0.00004286
529.948 0.00001086
530.077 0.00006286
530.256 0.00001029
530.569 0.00009714
530.807 0.00003429
530.951 0.00182857
531.198 0.00003143
531.208 0.00003143
531.426 0.00001229
531.522 0.00002400
531.611 0.00000000
531.772 0.00048571
532.69 0.00000000
532.876 0.00000000
532.97 0.00004571
533.066 0.00001343
533.104 0.00002714
533.27 0.00000000
533.512 0.00000000
533.592 0.00000000
533.725 0.00000000
533.811 0.00000000
533.933 0.00000000
534.2 0.00000000
534.326 0.00000000
534.452 0.00002829
534.561 0.00000000
534.826 0.00005143
534.86 0.00000000
534.972 0.00000000
535.145 0.00001543
535.482 0.00000000
535.781 0.00000000
535.838 0.00004857
535.862 0.00000000
535.907 0.00002000
536.414 0.00000000
536.548 0.00000000
537.201 0.00000000
537.233 0.00000000
537.349 0.00177143
537.663 0.00002629
537.808 0.00001486
537.894 0.00000000
537.917 0.00000000
538.233 0.00000000
538.437 0.00001514
538.652 0.00000000
539.122 0.00000000
539.36 0.00001343
539.398 0.00051429
539.481 0.00000000
539.752 0.00002714
540.062 0.00000000
540.217 0.00000000
540.261 0.00003429
540.734 0.00008286
540.94 0.00000000
541.048 0.00228571
541.165 0.00001486
541.245 0.00003143
541.671 0.00000000
542.135 0.00285714
542.503 0.00000000
543.294 0.00001086
543.968 0.00003714
543.999 0.00428571
544.052 0.00001200
544.093 0.00002429
544.225 0.00428571
544.369 0.00015429
544.756 0.00002114
545.111 0.00000000
545.165 0.00285714
545.363 0.00003714
545.431 0.00006857
545.476 0.00000000
545.638 0.00003429
545.742 0.00128571
545.965 0.00012286
546.643 0.00003143
546.716 0.00003143
546.91 0.00001057
547.031 0.00001000
547.264 0.00000000
547.345 0.00257143
547.612 0.00000000
548.2 0.00000000
548.431 0.00000000
548.61 0.00000000
549.012 0.00034286
549.067 0.00000000
549.208 0.00024000
549.587 0.00571429
549.712 0.00002486
549.818 0.00003143
549.897 0.00006571
550.033 0.00001314
550.148 0.00001429
550.22 0.00000000
550.326 0.00002229
550.413 0.00000000
550.445 0.00000000
550.492 0.00002314
550.611 0.00285714
550.776 0.00007143
551.33 0.00000000
551.667 0.00001914
551.934 0.00003714
552.174 0.00000000
552.369 0.00002800
552.496 0.00165714
552.586 0.00001514
552.896 0.00022000
553.326 0.00000000
553.448 0.00031429
553.496 0.00000000
553.551 0.00000000
553.729 0.00001029
554.086 0.00023429
554.388 0.00000000
554.505 0.00001400
555.274 0.00010000
555.402 0.00005143
555.415 0.00008571
555.87 0.00571429
555.968 0.00231429
556.32 0.00002171
557.254 0.00428571
557.423 0.00004571
557.769 0.00004571
557.852 0.00004571
558.187 0.00057143
558.261 0.00000000
558.81 0.00000000
558.872 0.00571429
559.22 0.00001114
559.352 0.00001200
559.748 0.00714286
560.262 0.00000000
560.394 0.00004571
560.673 0.00714286
560.958 0.00007429
561.167 0.00002857
561.726 0.00001286
561.801 0.00077143
562.092 0.00068571
562.151 0.00001114
562.377 0.00060000
562.401 0.00000000
562.568 0.00008857
563.116 0.00006000
563.138 0.00000000
563.466 0.00001286
563.558 0.00040000
563.588 0.00001314
563.734 0.00012571
563.912 0.00060000
564.138 0.00034286
564.241 0.00001000
564.869 0.00094286
565.07 0.00714286
565.368 0.00000000
565.402 0.00000000
565.446 0.00002171
565.524 0.00000000
565.913 0.00222857
566.729 0.00000000
566.996 0.00000000
567.298 0.00001229
568.148 0.00001143
568.19 0.00428571
568.373 0.00031429
569.166 0.00001657
569.33 0.00000000
570.087 0.00051429
570.438 0.00003714
570.722 0.00000000
570.862 0.00000000
571.145 0.00000000
571.25 0.00000000
571.603 0.00000000
572.432 0.00002857
573.221 0.00000000
573.269 0.00000000
573.952 0.00248571
574.315 0.00000000
574.328 0.00001771
574.939 0.00000000
575.354 0.00000000
575.66 0.00001257
576.654 0.00000000
577.211 0.00054286
577.232 0.00004571
577.318 0.00000000
577.401 0.00022286
577.47 0.00000000
577.637 0.00001086
578.127 0.00001229
578.235 0.00000000
578.354 0.00028286
578.656 0.00003143
578.858 0.00000000
578.947 0.00020000
579.04 0.00005143
579.974 0.00005143
580.046 0.00001743
580.208 0.00080000
580.76 0.00002314
581.276 0.00024286
581.356 0.00001371
581.627 0.00005714
582.213 0.00016000
582.605 0.00011143
582.806 0.00012000
583.426 0.00285714
583.547 0.00005429
583.896 0.00005429
584.005 0.00005714
584.378 0.00012857
584.378 0.00042857
584.611 0.00003143
585.274 0.00008286
585.31 0.00015429
585.427 0.00031429
586.031 0.00571429
586.66 0.00015143
587.044 0.00016286
588.262 0.00428571
588.454 0.00002200
588.609 0.00012857
588.858 0.01285714
589.416 0.00003429
590.178 0.00002857
590.429 0.00006286
590.867 0.00001600
591.209 0.01428571
591.549 0.00002857
591.66 0.00014857
592.308 0.00004000
592.677 0.00002743
592.712 0.00048571
592.881 0.01000000
593.579 0.00012857
593.631 0.00006571
593.664 0.00006571
594.086 0.00009143
594.182 0.00022857
594.267 0.00171429
594.388 0.00004000
594.389 0.00008000
594.926 0.00031429
595.09 0.00026571
595.383 0.00024571
596.137 0.00005143
596.274 0.00004286
596.448 0.00012857
596.503 0.00031429
596.832 0.00017714
597.16 0.00057143
597.331 0.00040000
597.596 0.00120000
597.8 0.00108571
598.192 0.00102857
598.445 0.00108571
598.591 0.00037143
598.73 0.01000000
598.814 0.00048571
598.829 0.00122857
598.934 0.00285714
599.146 0.00023143
599.469 0.00045714
599.9 0.00428571
600.317 0.00037143
600.573 0.00060000
601.368 0.00040000
601.949 0.00028571
602.515 0.00024857
602.725 0.00031429
602.822 0.00004286
602.98 0.00001971
603.084 0.00004000
603.213 0.00108571
604.322 0.02142857
604.447 0.00197143
604.69 0.00054286
604.908 0.00027429
605.001 0.00002000
605.272 0.00045714
605.937 0.00157143
606.475 0.00010000
606.996 0.00001743
607.743 0.00026571
608.124 0.00007714
608.388 0.00008571
608.451 0.00008571
608.588 0.00004000
609.078 0.00020286
609.88 0.00122857
610.116 0.00012286
610.192 0.00010571
610.276 0.00002371
610.354 0.00016571
610.459 0.00012286
610.564 0.00122857
610.832 0.00002086
610.915 0.00004000
611.174 0.00004000
611.347 0.00016857
611.492 0.00211429
611.872 0.00006857
611.966 0.00004286
612.009 0.00009714
612.188 0.00002143
612.336 0.00012857
612.457 0.00004286
612.742 0.00031429
612.872 0.00017143
613.378 0.00002171
613.483 0.00002171
613.866 0.00013143
614.262 0.00003429
614.544 0.00222857
614.646 0.00002229
615.524 0.00137143
616.512 0.00018571
616.678 0.00008857
616.763 0.00008857
617.017 0.00234286
617.228 0.00048571
617.31 0.00237143
617.438 0.00007143
617.942 0.00010000
618.302 0.00005143
618.714 0.00024286
619.23 0.00005714
620.11 0.00031429
620.646 0.00003714
620.894 0.00007429
621.042 0.00003714
621.225 0.00004000
621.25 0.00428571
621.594 0.00234286
623.092 0.00014000
623.289 0.00006571
623.457 0.00003143
623.971 0.00012000
624.312 0.00042857
624.339 0.00016857
624.473 0.00002771
624.841 0.00040000
624.998 0.00003714
627.315 0.00003429
627.743 0.00013429
627.865 0.00026571
628.112 0.00004857
628.282 0.00008857
629.45 0.00006571
629.545 0.00028000
629.687 0.00171429
630.766 0.00428571
630.916 0.00108571
631.54 0.00019714
632.374 0.00042857
632.416 0.00014286
632.442 0.00074286
632.612 0.00026000
632.847 0.00011714
633.25 0.00034286
633.283 0.00009429
633.315 0.00034286
633.713 0.00006571
633.99 0.00020571
634.823 0.00006000
634.86 0.00009143
635.702 0.00048571
635.768 0.00057143
636.489 0.00080000
636.544 0.00010000
636.913 0.00023143
636.958 0.00131429
637.319 0.00004571
637.594 0.00040000
638.27 0.00045714
638.31 0.00077143
638.472 0.00571429
638.834 0.00068571
639.112 0.00025714
639.38 0.00082857
639.473 0.00080000
639.661 0.00012000
639.718 0.00018571
639.921 0.00048571
640.301 0.00012286
640.891 0.00054286
641.631 0.01000000
641.742 0.00009714
641.837 0.00040000
642.289 0.00051429
642.414 0.00010857
643.156 0.00007714
643.156 0.00114286
643.368 0.00007429
643.51 0.00006000
643.76 0.00020000
644.19 0.00024571
644.386 0.00015429
645.649 0.00006286
645.771 0.00003429
645.84 0.00004571
646.655 0.00097143
646.805 0.00020571
647.243 0.00023714
647.531 0.00022286
648.008 0.00014857
648.115 0.00065714
648.308 0.00131429
648.744 0.00010857
648.985 0.00011429
649.397 0.00197143
650.022 0.00145714
650.136 0.00205714
650.216 0.00114286
650.614 0.00177143
650.817 0.00428571
650.909 0.00428571
651.385 0.00571429
653.293 0.00857143
653.805 0.09000000
653.811 0.09428571
654.041 0.00857143
654.735 0.00714286
655.15 0.00428571
655.772 0.00260000
656.417 0.00285714
659.611 0.00265714
659.868 0.00194286
660.401 0.00054286
660.485 0.00857143
660.826 0.00028286
661.12 0.00045714
661.435 0.00097143
662.097 0.00031429
662.315 0.00006857
663.208 0.00080000
663.62 0.00010571
663.822 0.00285714
663.974 0.00217143
664.37 0.01285714
665.358 0.00013143
665.694 0.00114286
665.75 0.00031429
666.068 0.02285714
666.405 0.02714286
666.636 0.00254286
667.728 0.00428571
668.429 0.00428571
668.479 0.00074286
669.571 0.00008286
669.63 0.00062857
669.847 0.00085714
669.887 0.01428571
671.922 0.00857143
672.289 0.00040000
675.283 0.03857143
675.437 0.00151429
675.616 0.01857143
675.655 0.00180000
676.661 0.01285714
677.993 0.00018286
679.929 0.00031429
680.853 0.00111429
681.829 0.00154286
681.837 0.00285714
682.725 0.01571429
683.291 0.00054286
683.958 0.00191429
684.654 0.00040000
685.188 0.00128571
685.606 0.00010000
686.127 0.00251429
686.353 0.00571429
686.925 0.00015714
687.129 0.04714286
687.555 0.00015143
687.958 0.01000000
688.661 0.00242857
688.709 0.00285714
688.817 0.01571429
689.262 0.00013429
690.088 0.00034286
690.446 0.00008286
691.176 0.00010571
691.688 0.00011143
691.688 0.00011143
692.501 0.00027143
693.766 0.03857143
695.148 0.02571429
696.025 0.04285714
696.543 1.00000000
698.571 0.00228571
699.012 0.00714286
699.221 0.00571429