392.26 1.00000000
403.72 0.26666667
419.008 0.20000000
419.74 0.12400000
424.298 0.11000000
431.566 0.13333333
432.387 0.13333333
433.664 0.13333333
435.215 0.20000000
435.286 0.10000000
437.117 0.08800000
442.711 0.07400000
443.156 0.09000000
445.847 0.07400000
446.108 0.01400000
446.635 0.08200000
447.446 0.10600000
449.423 0.10600000
450.766 0.10600000
453.974 0.04800000
454.348 0.05200000
460.243 0.12800000
462.979 0.07800000
470.759 0.10000000
473.067 0.10400000
488.856 0.26666667
506.898 0.06600000
510.558 0.07000000
510.755 0.10200000
512.134 0.02200000
514.163 0.03600000
523.138 0.13333333
533.123 0.09000000
540.813 0.05000000
545.132 0.00333333
549.773 0.02200000
555.809 0.02600000
565.132 0.01133333
611.007 0.05000000
617.027 0.07000000
651.174 0.05800000