380.401 0.16500000
382.185 0.00500000
382.57 0.02250000
387.473 0.01500000
388.025 0.02250000
388.948 0.00750000
389.226 0.09000000
389.786 0.03250000
390.109 0.03250000
390.938 0.01500000
392.769 0.00750000
395.91 0.02250000
396.623 0.04000000
397.665 0.03500000
397.968 0.01250000
399.137 0.03250000
401.257 0.00445000
401.607 0.02000000
404.093 0.08250000
405.279 0.10500000
406.507 0.10500000
407.635 0.06000000
408.328 0.02000000
408.41 0.06750000
410.17 0.12000000
412.859 0.33000000
420.113 0.28500000
422.788 0.38250000
424.18 0.20250000
431.511 0.13500000
436.104 0.02000000
442.061 0.00750000
443.727 0.18000000
448.825 0.40500000
460.751 0.02750000
462.056 0.00750000
466.392 0.00100000
466.397 0.00305000
469.469 0.01000000
476.017 0.01000000
479.258 1.00000000
481.16 0.21750000
482.296 0.02500000
495.082 0.03000000
506.459 0.06000000
510.884 0.04750000
514.744 0.05250000
523.026 0.26250000
526.176 0.06000000
565.577 0.03250000
572.136 0.01250000
583.737 0.42750000
586.293 0.03250000
595.696 0.04250000
596.268 0.04250000
627.817 0.33000000
656.268 0.23250000
665.289 0.05250000