391.687 0.00001556
391.817 0.00001556
394.628 0.00168889
395.037 0.00248889
395.17 0.00001378
399.024 0.00800000
400.007 0.01466667
412.193 1.00000000
414.725 0.00391111
415.284 0.00000000
415.471 0.00000000
415.584 0.00000000
417.896 0.00000000
417.927 0.00000000
418.099 0.00000000
418.13 0.00000000
419.479 0.13333333
419.777 0.00244444
424.298 0.02933333
424.361 0.06666667
427.273 0.00533333
429.571 0.00533333
436.147 0.00622222
436.611 0.01022222
443.15 0.00142222
445.944 0.00302222
447.21 0.35555556
447.25 0.04444444
447.285 0.35555556
448.705 0.20000000
449.08 0.00200000
449.773 0.17777778
449.856 0.06666667
450.481 0.00444444
451.991 0.00000000
451.995 0.00000000
453.229 0.00000000
459.73 0.00240000
461.113 0.00240000
461.114 0.00000000
461.35 0.00000000
463.217 0.00000000
463.249 0.00933333
464.69 0.00000000
464.713 0.03022222
465.57 0.00000000
465.815 0.11111111
465.92 0.00000000
465.927 0.00000000
468.32 0.00000000
468.5 0.01022222
471.611 0.00137778
471.97 0.00711111
477.33 0.00533333
478.42 0.00000000
478.421 0.35555556
481.277 0.00622222
491.743 0.04444444
491.843 0.04444444
494.038 0.03911111
494.46 0.00622222
498.866 0.00622222
512.579 0.00444444
515.785 0.01555556
516.596 0.02444444
522.686 0.00208889
526.312 0.00080000
529.14 0.00000000
534.765 0.00133333
539.317 0.00666667
550.456 0.00240000
556.319 0.00711111
563.307 0.01688889
563.327 0.01688889
564.432 0.00444444
576.194 0.00002133
578.747 0.00000000
581.84 0.00186667
582.107 0.00293333
582.233 0.00028444
594.263 0.00026667
594.272 0.00017778
601.346 0.00088889
602.772 0.00000000
602.837 0.00000000
608.044 0.00755556
612.224 0.00000000
612.502 0.00844444
612.79 0.00800000
614.891 0.00000000
614.892 0.00355556
617.867 0.00000000
617.936 0.00000000
618.638 0.00000000
619.359 0.00000000
619.735 0.00000000
622.745 0.00000000
622.815 0.00000000
624.457 0.00080000
624.466 0.00053333
628.547 0.00266667
634.915 0.00017778
635.681 0.00008889
643.151 0.00000000
643.225 0.00000000
652.056 0.00000000
652.959 0.00000000
653.371 0.00000000
656.269 0.00000000
656.345 0.00000000
657.13 0.00004444
671.765 0.00004444
677.866 0.00000000
677.895 0.00000000
678.401 0.00000000
678.431 0.00000000
678.612 0.00004444
681.952 0.00000000
681.966 0.00000000
697.688 0.00000000