381.669 0.00266667
384.28 0.00266667
384.711 0.00200000
385.476 0.00098667
386.188 0.00133333
388.133 0.00120000
388.933 0.00466667
389.057 0.00133333
389.178 0.01200000
389.266 0.00266667
389.435 0.00266667
389.478 0.00048000
389.696 0.00533333
390.596 0.00200000
390.991 0.02400000
391.473 0.00733333
391.725 0.00133333
392.685 0.00266667
392.723 0.00333333
393.572 0.04000000
393.787 0.00600000
393.967 0.00266667
394.559 0.00266667
394.751 0.00266667
394.951 0.01000000
399.306 0.01200000
399.34 0.05000000
399.566 0.00866667
399.787 0.00266667
403.626 0.00466667
405.371 0.01600000
408.096 0.00114667
408.377 0.00333333
408.487 0.00200000
408.725 0.00533333
408.734 0.00266667
413.065 0.26666667
413.243 0.04600000
416.6 0.26666667
417.935 0.02600000
421.604 0.04800000
422.396 0.00800000
423.956 0.01200000
424.26 0.01266667
426.442 0.02000000
426.792 0.10200000
428.31 0.02400000
428.78 0.00800000
429.116 0.00733333
429.76 0.00333333
430.518 0.00200000
430.927 0.04000000
432.3 0.00733333
432.511 0.00733333
432.573 0.02400000
432.674 0.00266667
432.794 0.00333333
432.962 0.00466667
433.291 0.01000000
435.033 0.02000000
435.953 0.00733333
438.583 0.00400000
440.254 0.04000000
440.523 0.01000000
440.683 0.01000000
441.366 0.00466667
443.189 0.03000000
446.709 0.01000000
448.165 0.00400000
448.898 0.04000000
449.364 0.03000000
450.435 0.00133333
450.592 0.03400000
450.963 0.00266667
452.317 0.04800000
452.493 0.06600000
455.403 0.93333333
457.385 0.03400000
457.964 0.04800000
458.976 0.00600000
459.182 0.00933333
459.972 0.02800000
460.498 0.00533333
461.992 0.01200000
462.833 0.02000000
464.622 0.00200000
467.362 0.02000000
469.161 0.05000000
469.744 0.00333333
469.91 0.00533333
470.042 0.01200000
470.894 0.04000000
472.471 0.00266667
472.643 0.04000000
477.337 0.00048000
482.065 0.00266667
484.287 0.00133333
484.346 0.04400000
484.457 0.00133333
484.714 0.00533333
485.084 0.00266667
485.084 0.00266667
485.422 0.00090667
486.817 0.00096000
487.3 0.00333333
487.765 0.01800000
489.993 0.12800000
490.285 0.00933333
491.717 0.00466667
492.919 0.00800000
492.937 0.00666667
493.408 0.26666667
494.543 0.00800000
494.731 0.00200000
495.013 0.00113333
495.291 0.01000000
495.709 0.03200000
496.164 0.00133333
496.323 0.01066667
496.404 0.01333333
499.326 0.00333333
499.564 0.00266667
499.781 0.01333333
501.295 0.07600000
503.351 0.01200000
503.733 0.01133333
504.579 0.00400000
504.955 0.01200000
505.496 0.01400000
507.8 0.00866667
509.754 0.00666667
510.225 0.00866667
512.655 0.00333333
513.454 0.01000000
513.629 0.00109333
514.01 0.00266667
515.988 0.11000000
516.67 0.00866667
517.323 0.00200000
519.643 0.00866667
525.38 0.02400000
528.608 0.00333333
530.57 0.01400000
536.135 0.02600000
539.16 0.02600000
542.105 0.00333333
542.455 0.12800000
542.7 0.00666667
542.879 0.00333333
543.732 0.00333333
548.03 0.00733333
549.917 0.00126667
551.816 0.00080000
551.904 0.08400000
552.814 0.00266667
553.548 0.40000000
553.587 0.05200000
556.829 0.00061333
559.331 0.00600000
561.313 0.00200000
565.86 0.00400000
568.0 0.01400000
568.018 0.03200000
568.1 0.00266667
569.739 0.00400000
571.661 0.00333333
572.521 0.00061333
572.618 0.00400000
574.038 0.00466667
577.265 0.00200000
577.762 0.33333333
578.404 0.00400000
578.418 0.02800000
579.826 0.00400000
580.023 0.07400000
580.568 0.05200000
581.354 0.00266667
581.881 0.00466667
582.627 0.11400000
585.368 0.20000000
585.92 0.00266667
588.187 0.00266667
588.281 0.00333333
589.578 0.00400000
590.028 0.00933333
590.764 0.09600000
595.108 0.00100000
596.827 0.00082667
597.17 0.07400000
597.846 0.00266667
598.125 0.02000000
598.372 0.00200000
599.709 0.07400000
599.8 0.00200000
599.985 0.00733333
601.641 0.00200000
601.947 0.07400000
603.321 0.00102667
603.658 0.00200000
606.311 0.09800000
607.666 0.00266667
607.781 0.00333333
608.339 0.00466667
610.199 0.00600000
610.8 0.00200000
611.078 0.09800000
611.781 0.00200000
612.923 0.00266667
613.138 0.00266667
613.583 0.00200000
614.171 1.00000000
614.456 0.00200000
614.546 0.00266667
616.377 0.00266667
627.008 0.00400000
630.737 0.00050667
634.168 0.04400000
636.013 0.00133333
637.711 0.00533333
637.89 0.00266667
638.376 0.00533333
640.615 0.00266667
641.111 0.00133333
645.085 0.05000000
646.978 0.00266667
648.291 0.05000000
649.69 0.40000000
649.876 0.03000000
652.617 0.00333333
652.731 0.09800000
658.333 0.00200000
659.532 0.20000000
665.411 0.02600000
667.527 0.40000000
668.401 0.00600000
669.384 0.46666667
676.948 0.00400000
677.186 0.02600000
682.204 0.00133333
686.569 0.33333333
686.791 0.20000000
687.408 0.01800000
696.148 0.00104000