386.513 0.16666667
386.542 1.00000000
386.551 0.33333333
386.572 0.06666667
386.602 0.50000000
399.55 0.01433333
424.914 0.03333333
425.21 0.03333333
425.305 0.08333333
425.376 0.06666667
425.412 0.02066667
432.955 0.01866667
433.317 0.02100000
436.066 0.26666667
436.099 0.30000000
437.11 0.03333333
440.401 0.05000000
440.794 0.35000000
446.778 0.03333333
447.654 0.05000000
448.552 0.35000000
448.73 0.35000000
449.509 0.03333333
449.78 0.03333333
452.641 0.02866667
453.54 0.03333333
454.053 0.03333333
454.778 0.03333333
457.267 0.55000000
467.333 0.00866667
467.342 0.55000000
470.257 0.13333333
470.937 0.21666667
480.778 0.03266667
482.816 0.06666667
484.916 0.00566667
485.219 0.00700000
485.822 0.01066667
508.775 0.10000000
515.6 0.10000000
517.0 0.26666667
518.0 0.06666667
521.812 0.01033333
521.833 0.02800000
525.586 0.00600000
526.152 0.00566667
527.028 0.03233333
527.081 0.03333333
540.304 0.01666667
541.021 0.01533333
585.701 0.00633333
614.201 0.01833333
622.911 0.00733333
627.943 0.00306667
627.973 0.00600000
647.354 0.01200000
654.789 0.21666667
655.836 0.20000000
656.452 0.11666667
663.644 0.01300000
672.6 0.03133333
675.672 0.05000000
675.713 0.05000000
678.656 0.03333333
688.422 0.05000000
688.444 0.05000000
698.275 0.00566667