381.58 0.18181818
384.58 0.06000000
384.882 0.00121818
386.403 0.06000000
386.8 0.00109091
388.817 0.02454545
392.72 0.00006727
393.043 0.00065455
407.907 0.04636364
409.72 0.00727273
412.17 0.01000000
422.467 0.00181818
423.417 0.00181818
425.941 0.00092727
427.2 0.00036364
430.17 0.00125455
430.657 0.00272727
430.836 0.00818182
432.787 0.00636364
433.98 0.01636364
434.05 0.05181818
434.2 0.00036364
437.94 0.07636364
447.68 0.00103636
449.301 0.07909091
456.129 0.05727273
470.528 0.04363636
472.253 1.00000000
472.873 0.00121818
473.027 0.02454545
474.97 0.01818182
475.134 0.00363636
479.75 0.00363636
480.907 0.00060000
490.82 0.00006909
491.66 0.00636364
496.97 0.00454545
499.36 0.00010000
505.182 0.00065455
505.243 0.00047273
507.94 0.00169091
509.16 0.00003636
512.436 0.03272727
514.449 0.05454545
520.15 0.00003455
520.932 0.10909091
527.051 0.01909091
534.7 0.00011818
539.78 0.00363636
555.205 0.00147273
559.934 0.00363636
565.52 0.00008000
571.914 0.00727273
574.236 0.01181818
581.83 0.00454545
586.02 0.03818182
597.3 0.05454545
605.91 0.05454545
612.8 0.03545455
613.482 0.05727273
613.92 0.00025455
614.04 0.00172727
616.06 0.00121818
647.624 0.00454545
649.77 0.00727273
657.72 0.01909091
660.034 0.07909091
662.323 0.00181818
680.92 0.00134545
699.092 0.00818182