380.235 1.00000000
380.247 1.00000000
381.529 1.00000000
382.31 1.00000000
382.408 1.00000000
382.519 1.00000000
382.584 1.00000000
382.741 1.00000000
383.055 1.00000000
383.157 1.00000000
383.597 1.00000000
384.219 1.00000000
384.662 1.00000000
384.763 1.00000000
385.503 1.00000000
385.989 1.00000000
387.794 1.00000000
388.011 1.00000000
388.26 1.00000000
389.455 1.00000000
390.609 1.00000000
391.216 1.00000000
391.637 1.00000000
392.142 1.00000000
392.805 1.00000000
414.713 1.00000000
418.969 1.00000000
419.744 1.00000000
432.958 1.00000000
435.15 1.00000000
436.364 1.00000000
442.301 1.00000000
446.646 1.00000000
505.673 1.00000000
511.824 1.00000000
513.553 1.00000000
517.061 1.00000000
519.755 1.00000000
521.253 1.00000000
527.195 1.00000000
539.203 1.00000000
539.424 1.00000000
540.462 1.00000000
544.963 1.00000000
546.747 1.00000000
548.458 1.00000000
551.222 1.00000000
553.793 1.00000000
555.68 1.00000000
555.709 1.00000000
558.121 1.00000000
565.654 1.00000000
565.903 1.00000000
570.224 1.00000000
591.071 1.00000000