382.026 0.39393939
383.469 0.00606061
387.121 0.03535354
389.163 0.07575758
390.124 0.02525253
390.395 0.18181818
391.42 0.45454545
391.438 0.50000000
391.951 0.04545455
392.409 0.10606061
392.955 0.04545455
393.969 0.04545455
395.061 0.08585859
398.038 0.07070707
399.236 0.05555556
402.404 0.05050505
413.566 0.04545455
414.02 0.06565657
417.963 0.08080808
419.345 0.05050505
422.389 0.15151515
423.689 0.04545455
429.139 0.25757576
436.514 0.02525253
436.56 0.33333333
442.514 0.02020202
444.174 0.13636364
447.261 0.21212121
447.772 0.33333333
449.042 0.04040404
450.655 0.18181818
451.344 0.16666667
451.974 0.10606061
452.559 0.21212121
452.96 0.01515152
454.292 0.43939394
457.574 0.18181818
460.136 0.03535354
461.458 0.19696970
462.27 0.42424242
464.202 0.05050505
465.198 0.06060606
467.87 0.50000000
469.317 0.09595960
470.485 0.59090909
471.976 0.18181818
472.036 0.02020202
472.82 0.02525253
473.541 0.04040404
474.264 0.45454545
475.228 0.24242424
476.6 0.10606061
477.94 0.22727273
478.031 0.22727273
478.519 0.03535354
478.55 0.74242424
480.233 0.04545455
481.67 0.75757576
481.846 0.01010101
484.481 0.05050505
484.875 0.39393939
492.112 0.00575758
492.879 0.39393939
493.066 0.13636364
494.551 0.05555556
497.976 0.63636364
503.874 0.30303030
505.464 1.00000000
516.438 0.06060606
517.587 0.13636364
518.001 0.25757576
518.235 0.30303030
519.39 0.03030303
523.823 0.48484848
524.512 0.10606061
527.268 0.27272727
530.41 0.07070707
533.057 0.02020202
533.205 0.12121212
534.542 0.09090909
536.419 0.03030303
537.034 0.03030303
539.548 0.13636364
542.278 0.04545455
542.499 0.02525253
543.507 0.02020202
544.68 0.03535354
546.622 0.16666667
547.847 0.08585859
548.879 0.05050505
549.506 0.09595960
550.669 0.09595960
558.994 0.15151515
571.871 0.05050505
583.078 0.09595960
585.208 0.08080808
594.048 0.24242424
612.214 0.09595960
614.86 0.21212121
616.174 0.00949495
617.739 0.09090909
633.548 0.01515152
635.073 0.21212121
635.294 0.02525253
641.032 0.22727273
648.356 0.08585859
651.462 0.57575758
654.457 0.28787879
654.809 0.05555556
655.98 0.43939394
657.131 0.01515152
657.914 0.06565657
658.217 0.33333333
662.047 0.04545455
663.162 0.86363636
668.228 0.60606061
669.213 0.51515152
672.828 0.37878788
676.006 0.04040404
677.948 0.03030303
678.674 0.09090909
679.004 0.21212121
679.148 0.01515152
686.115 0.10606061