382.885 0.01250000
383.335 0.02000000
387.619 0.20250000
387.641 0.09750000
387.666 0.06000000
391.898 0.11250000
392.069 0.29250000
394.222 0.01250000
396.14 0.01500000
398.688 0.00750000
399.649 0.00440000
399.697 0.00445000
399.714 0.00445000
400.298 0.01500000
400.993 0.03250000
402.212 0.01750000
402.284 0.02750000
402.522 0.01250000
402.836 0.01750000
402.941 0.04500000
403.18 0.02750000
403.323 0.00500000
405.606 0.00036500
406.358 0.01500000
406.427 0.01750000
406.525 0.03250000
406.675 0.01750000
406.794 0.00050000
406.891 0.00065000
407.026 0.00065000
407.097 0.01750000
407.264 0.01750000
407.333 0.00750000
407.452 0.15750000
407.585 0.25500000
408.242 0.01000000
408.298 0.00750000
408.316 0.00750000
414.626 0.01250000
414.697 0.00500000
414.798 0.00750000
415.337 0.00750000
415.834 0.00500000
416.286 0.00038500
418.69 0.00060000
420.971 0.00440000
420.99 0.00440000
421.112 0.01000000
421.161 0.00750000
421.182 0.01000000
421.234 0.01500000
421.307 0.01500000
422.247 0.01500000
422.316 0.02250000
422.336 0.01500000
422.833 0.01500000
426.7 0.13500000
426.726 0.18750000
426.902 0.00350000
432.556 0.00135000
434.164 0.02500000
434.24 0.01000000
434.411 0.00750000
434.431 0.01000000
434.897 0.00750000
435.541 0.01000000
437.138 0.09000000
446.13 0.02250000
446.15 0.02250000
446.389 0.03500000
446.445 0.02500000
446.468 0.03750000
446.648 0.12750000
446.731 0.03500000
447.747 0.09750000
447.832 0.04500000
447.859 0.13500000
447.882 0.09750000
462.157 0.00002400
462.734 0.00000000
464.742 0.00250000
465.025 0.00205000
465.147 0.00145000
465.83 0.00070000
466.586 0.00075000
467.14 0.00250000
467.666 0.02500000
467.755 0.00455000
470.17 0.01500000
470.383 0.00750000
473.426 0.15750000
473.516 0.03250000
473.821 0.02750000
473.847 0.06000000
474.257 0.03250000
476.23 0.10500000
476.253 0.08250000
476.667 0.03500000
477.002 0.03750000
477.173 0.11250000
477.591 0.07500000
477.708 0.00200000
478.38 0.00750000
479.171 0.00500000
479.265 0.00500000
479.588 0.00500000
479.608 0.00500000
480.625 0.00305000
480.867 0.00240000
481.292 0.02750000
481.737 0.02750000
482.68 0.03500000
483.676 0.00455000
484.009 0.01000000
484.191 0.00750000
484.764 0.00305000
485.398 0.00750000
485.898 0.00750000
487.408 0.01750000
488.891 0.09000000
488.894 0.04750000
489.065 0.08250000
489.343 0.03750000
489.864 0.07500000
490.785 0.01750000
492.269 0.01000000
492.642 0.00435000
493.203 0.32250000
494.202 0.01500000
494.358 0.01750000
494.388 0.00009000
494.456 0.00010000
495.11 0.04750000
499.141 0.00750000
499.643 0.04250000
499.793 0.02500000
501.018 0.05250000
501.2 0.05250000
501.228 0.05250000
501.709 0.09750000
501.776 0.03250000
501.807 0.05000000
502.385 0.05250000
502.492 0.08250000
503.907 0.16500000
504.013 0.06000000
504.148 0.11250000
504.18 0.14250000
504.519 0.01000000
505.215 0.45750000
505.352 0.01000000
505.449 0.00750000
505.768 0.00405000
505.867 0.00345000
505.966 0.00465000
506.415 0.00420000
507.659 0.01250000
508.963 0.00750000
513.294 0.24000000
513.328 0.12000000
514.349 0.12000000
514.516 0.50000000
515.109 0.23250000
515.357 0.03250000
515.529 0.01500000
515.53 0.01750000
515.992 0.01500000
526.896 0.12750000
528.024 0.06750000
528.832 0.01250000
529.122 0.02000000
529.693 0.01250000
530.012 0.02000000
530.055 0.05250000
530.084 0.01750000
530.235 0.01750000
530.313 0.01250000
530.632 0.01000000
530.684 0.03750000
531.747 0.05250000
538.033 0.24000000
540.16 0.04250000
543.688 0.31500000
550.851 0.03000000
551.069 0.02250000
551.48 0.01500000
551.569 0.00750000
551.664 0.01000000
552.35 0.02750000
552.683 0.02500000
552.978 0.01750000
553.204 0.01750000
553.481 0.01750000
554.076 0.03750000
554.382 0.01000000
554.507 0.13500000
554.727 0.04000000
554.824 0.01750000
554.89 0.02000000
555.103 0.02500000
555.159 0.09750000
555.317 0.02000000
557.73 0.02000000
559.73 0.01250000
560.373 0.00750000
561.24 0.00500000
561.481 0.00500000
561.649 0.00500000
562.304 0.01000000
562.556 0.01000000
562.993 0.00750000
564.277 0.01000000
564.807 0.12750000
564.81 0.00500000
566.247 0.21750000
566.895 0.09000000
569.311 0.03000000
569.592 0.00044500
572.078 0.02250000
578.784 0.00500000
579.312 0.07500000
579.446 0.02750000
579.89 0.00185000
580.023 0.01500000
580.059 0.06000000
580.133 0.02250000
580.519 0.02250000
580.58 0.00750000
581.198 0.00035000
581.351 0.00420000
581.77 0.00315000
581.95 0.00335000
582.16 0.00410000
582.464 0.00405000
582.642 0.00043500
584.635 0.00375000
585.025 0.00470000
586.495 0.00280000
587.066 0.00500000
587.731 0.00385000
588.952 0.00175000
588.977 0.04000000
589.159 0.02000000
589.2 0.00115000
591.258 0.00110000
594.01 0.00455000
594.339 0.00415000
594.761 0.01000000
595.004 0.01000000
595.213 0.02750000
596.399 0.03750000
596.933 0.09750000
597.073 0.01500000
597.259 0.00750000
598.122 0.03250000
598.228 0.01750000
598.267 0.04000000
598.426 0.03750000
598.901 0.06750000
598.94 0.03000000
599.606 0.01250000
600.113 0.35250000
600.298 0.06750000
600.367 0.02250000
600.603 0.27750000
600.718 0.12000000
601.068 0.15750000
601.224 0.08250000
601.322 1.00000000
601.484 0.18000000
601.645 0.20250000
601.987 0.02000000
603.917 0.01500000
604.246 0.01500000
604.479 0.01000000
606.209 0.01250000
606.827 0.02250000
607.083 0.03000000
607.84 0.05250000
607.977 0.02000000
608.669 0.01500000
609.284 0.03250000
609.43 0.02000000
609.892 0.02500000
610.003 0.03750000
610.046 0.11250000
610.765 0.03000000
610.853 0.04500000
611.315 0.02250000
611.585 0.04750000
612.082 0.04250000
623.727 0.18000000
624.27 0.28500000
629.237 0.50000000
633.57 0.09000000
633.72 0.13500000
634.232 0.31500000
637.879 0.05250000
638.987 0.13500000
639.798 0.23250000
641.355 0.08250000
641.754 0.03750000
642.924 0.02000000
656.871 0.00495000
657.805 0.41250000
657.877 0.00300000
658.288 0.15000000
658.627 0.00275000
658.761 0.03500000
659.145 0.00180000
659.524 0.00200000
659.685 0.00280000
660.242 0.00750000
660.579 0.00345000
661.135 0.01750000
661.724 0.00750000
665.1 0.05250000
665.395 0.03000000
665.461 0.07500000
665.551 0.25500000
666.273 0.06750000
666.304 0.13500000
667.184 0.12750000
667.411 0.09000000
668.395 0.07500000
668.879 0.06750000
671.129 0.01500000
674.438 0.00060000
675.41 0.01750000
678.39 0.39000000
681.8 0.01500000
682.812 0.12000000
694.645 1.00000000
696.231 0.21000000