382.376 0.01000000
383.319 0.02000000
387.048 0.06000000
387.254 0.00440000
387.256 0.11250000
387.578 0.00475000
387.58 0.18000000
387.583 0.00360000
388.91 0.02500000
392.348 0.00125000
393.087 0.01750000
393.366 0.75000000
393.529 0.00185000
394.604 0.00260000
394.89 0.05000000
394.96 0.00245000
395.705 0.09000000
396.847 0.75000000
397.257 0.01750000
397.371 0.30000000
399.788 0.00345000
403.851 0.01000000
407.136 0.00750000
408.177 0.01500000
408.72 0.00360000
409.263 0.05250000
409.493 0.05250000
409.496 0.00365000
409.71 0.01500000
409.853 0.05250000
409.857 0.00485000
409.861 0.00370000
410.853 0.02500000
410.982 0.01250000
411.028 0.01000000
413.625 0.01500000
413.708 0.02000000
414.768 0.01500000
415.356 0.03000000
416.431 0.02500000
417.565 0.02500000
418.42 0.03750000
420.461 0.00750000
420.618 0.01250000
420.724 0.03750000
421.161 0.00500000
421.314 0.01250000
422.007 0.00500000
422.673 0.42000000
422.815 0.00240000
423.374 0.00375000
424.046 0.01750000
424.074 0.01500000
425.663 0.02500000
427.19 0.02500000
427.272 0.01000000
427.388 0.00750000
427.821 0.01250000
427.889 0.01500000
427.972 0.01250000
428.301 0.13500000
428.357 0.01250000
428.439 0.02000000
428.936 0.14250000
429.007 0.02000000
429.557 0.01000000
429.899 0.18750000
430.1 0.03250000
430.149 0.03250000
430.253 0.32250000
430.28 0.47250000
430.774 0.28500000
431.865 0.24750000
432.823 0.01500000
432.919 0.02250000
433.206 0.01500000
433.357 0.15750000
434.034 0.02250000
434.482 0.00750000
435.508 0.18000000
435.838 0.01750000
436.925 0.01000000
438.3 0.01750000
439.311 0.01750000
439.59 0.02500000
439.959 0.03250000
440.629 0.02750000
441.374 0.01000000
442.433 0.00385000
442.544 0.32250000
443.13 0.02000000
443.496 0.48000000
443.569 0.32250000
445.478 0.75000000
445.589 0.31500000
445.661 0.06000000
447.204 0.00495000
447.923 0.00240000
448.44 0.01000000
448.495 0.01500000
448.918 0.00475000
449.596 0.00470000
449.988 0.03000000
450.513 0.01000000
450.879 0.01250000
451.291 0.01250000
451.658 0.02500000
452.694 0.29250000
455.33 0.01250000
455.465 0.00500000
457.212 0.02250000
457.245 0.00290000
457.855 0.23250000
458.14 0.29250000
458.147 0.00500000
458.587 0.36000000
458.596 0.00500000
458.604 0.00750000
462.948 0.01000000
463.287 0.01250000
466.725 0.01000000
468.527 0.07500000
470.36 0.00410000
470.883 0.01500000
471.627 0.01250000
471.674 0.00500000
472.103 0.00750000
472.763 0.01000000
473.668 0.01750000
479.997 0.01000000
482.726 0.00750000
485.193 0.01500000
485.233 0.00750000
485.917 0.01000000
487.813 0.21000000
488.983 0.00490000
489.931 0.00750000
491.927 0.01250000
493.955 0.00435000
495.053 0.01500000
500.148 0.00750000
500.894 0.01500000
501.435 0.01750000
501.997 0.01500000
502.114 0.03750000
504.162 0.11250000
504.692 0.02500000
505.007 0.01500000
506.372 0.01750000
508.318 0.01000000
511.298 0.01250000
513.773 0.01000000
518.885 0.18750000
520.135 0.01500000
523.182 0.02000000
524.737 0.02000000
526.039 0.02500000
526.171 0.12000000
526.224 0.12000000
526.424 0.09000000
526.556 0.12000000
527.027 0.12000000
527.198 0.06000000
528.527 0.02250000
529.753 0.01250000
530.132 0.01000000
530.722 0.02500000
530.911 0.00500000
532.129 0.01500000
532.615 0.01250000
532.806 0.03750000
533.365 0.01000000
533.919 0.04000000
534.947 0.06000000
535.073 0.04500000
535.424 0.04500000
537.547 0.04250000
544.392 0.00500000
545.78 0.02250000
546.069 0.00500000
548.001 0.04500000
550.163 0.02750000
551.298 0.02500000
552.03 0.03000000
557.058 0.01000000
557.906 0.01000000
558.197 0.11250000
558.626 0.00500000
558.876 0.21750000
559.012 0.09750000
559.447 0.22500000
559.849 0.22500000
560.129 0.09750000
560.285 0.09750000
561.4 0.00500000
561.875 0.00500000
563.17 0.00500000
565.001 0.01250000
566.358 0.01500000
569.351 0.00500000
569.465 0.01750000
576.54 0.00500000
584.849 0.00500000
585.745 0.20250000
592.272 0.00500000
592.369 0.00500000
604.615 0.02250000
606.998 0.01000000
608.637 0.00500000
610.272 0.39750000
612.011 0.03000000
612.222 0.50000000
615.602 0.01000000
616.088 0.04500000
616.129 0.12750000
616.217 0.50000000
616.376 0.13500000
616.644 0.20250000
616.906 0.33000000
616.956 0.50000000
617.322 0.06000000
621.398 0.01000000
622.538 0.01000000
627.978 0.01250000
629.488 0.02500000
637.011 0.02000000
638.755 0.01000000
642.451 0.01250000
642.71 0.00750000
643.197 0.04250000
643.907 1.00000000
644.981 0.48750000
645.56 0.08250000
645.687 0.13500000
646.257 1.00000000
647.166 0.34500000
648.535 0.01750000
649.378 0.50000000
649.965 0.21750000
650.885 0.01250000
653.878 0.02000000
654.224 0.02000000
657.278 0.38250000
659.965 0.01750000
671.769 0.03000000
686.512 0.33750000
688.148 0.75000000
694.551 0.36000000