395.724 0.01750000
398.193 0.02250000
400.687 0.01250000
402.912 0.01000000
413.477 0.06000000
414.03 0.00395000
414.149 0.04000000
428.508 0.05250000
430.667 0.04000000
435.771 0.00205000
438.452 0.00000000
441.241 0.00500000
441.299 0.00180000
441.443 0.12000000
441.569 0.01250000
444.045 0.00001800
466.235 0.02750000
467.815 0.75000000
474.469 0.00500000
479.991 1.00000000
488.173 0.00004750
491.885 0.00001650
502.55 0.00003350
508.582 1.00000000
515.466 0.00360000
526.801 0.00435000
527.16 0.00500000
527.78 0.00041500
533.749 0.01750000
537.814 0.02500000
538.189 0.01000000
584.33 0.02500000
588.022 0.00240000
609.914 0.04250000
611.15 0.01500000
632.517 0.06000000
633.001 0.01750000
635.472 0.03250000
635.998 0.04500000
643.847 0.75000000
646.494 0.02000000
656.765 0.00410000
672.579 0.06000000
675.919 0.01750000
677.812 0.01750000