380.309 0.66666667
380.811 0.66666667
380.921 0.47619048
381.22 0.15873016
381.585 0.95238095
381.746 0.47619048
381.902 0.33333333
382.39 0.14285714
383.055 0.06349206
383.108 0.15873016
383.455 0.15873016
383.61 0.23809524
383.854 0.52380952
384.376 0.22222222
384.652 0.07936508
384.81 0.15873016
384.859 0.42857143
385.315 0.57142857
385.418 0.14285714
385.431 0.14285714
385.529 0.19047619
385.702 0.23809524
385.764 0.19047619
386.246 0.38095238
386.813 0.14285714
387.468 0.12698413
387.697 0.30158730
387.836 0.28571429
388.245 0.07936508
388.998 0.61904762
389.075 0.09523810
389.098 0.14285714
389.511 0.38095238
389.68 0.28571429
389.827 0.57142857
389.894 0.11111111
390.334 0.09523810
390.434 0.07936508
390.692 0.04761905
390.729 0.22222222
390.841 0.19047619
390.854 0.12698413
390.931 0.22222222
391.219 0.15873016
391.244 0.30158730
391.552 0.06349206
391.614 0.11111111
391.764 0.11111111
391.828 0.33333333
391.981 0.25396825
392.173 0.14285714
392.311 0.07936508
392.464 0.01682540
393.109 0.19047619
393.137 0.07936508
393.183 0.09523810
393.373 0.33333333
393.68 0.01047619
393.809 0.19047619
394.034 0.19047619
394.097 0.04761905
394.215 0.19047619
394.275 0.26984127
394.389 0.20634921
394.797 0.11111111
395.254 0.33333333
395.366 0.06349206
395.536 0.02666667
395.606 0.02666667
395.628 0.15873016
395.71 0.01619048
395.827 0.11111111
395.887 0.11111111
396.091 0.22222222
396.45 0.14285714
396.705 0.19047619
397.168 0.19047619
397.207 0.14285714
397.507 0.11111111
397.865 0.19047619
398.088 0.19047619
398.289 0.03174603
398.329 0.04761905
398.468 0.20634921
398.944 0.09523810
399.239 0.25396825
399.291 0.07936508
399.382 0.25396825
399.924 0.42857143
400.156 0.11111111
400.377 0.22222222
400.564 0.11111111
400.759 0.09523810
401.239 0.38095238
401.49 0.38095238
401.588 0.12698413
401.904 0.09523810
402.227 0.09523810
402.449 0.09523810
402.515 0.07936508
402.841 0.22222222
403.034 0.11111111
403.134 0.23809524
403.767 0.14285714
404.076 0.38095238
404.258 0.28571429
404.521 0.04761905
404.634 0.15873016
405.143 0.09523810
405.199 0.09523810
405.351 0.19047619
405.499 0.06349206
406.222 0.15873016
406.294 0.09523810
406.728 0.09523810
406.884 0.07936508
407.181 0.09523810
407.292 0.06349206
407.348 0.17460317
407.374 0.09523810
407.571 0.04761905
407.585 0.01365079
407.624 0.04761905
407.747 0.06349206
407.832 0.04761905
407.852 0.01777778
408.044 0.02920635
408.122 0.14285714
408.323 0.12698413
408.523 0.07936508
408.736 0.02317460
408.885 0.06349206
410.177 0.14285714
410.5 0.15873016
410.742 0.12698413
411.038 0.14285714
411.139 0.15873016
411.537 0.19047619
411.701 0.15873016
411.729 0.11111111
411.759 0.15873016
411.814 0.14285714
411.902 0.14285714
411.979 0.03174603
411.988 0.12698413
412.083 0.15873016
412.324 0.11111111
412.349 0.14285714
412.387 0.19047619
412.479 0.19047619
412.737 0.23809524
412.774 0.06349206
412.807 0.07936508
413.071 0.20634921
413.11 0.25396825
413.38 0.30158730
413.544 0.15873016
413.747 0.04761905
413.765 0.20634921
413.81 0.09523810
413.835 0.09523810
414.24 0.22222222
414.449 0.07936508
414.5 0.07936508
414.623 0.19047619
414.89 0.19047619
414.979 0.03142857
414.994 0.04761905
415.091 0.14285714
415.197 0.23809524
415.313 0.09523810
415.903 0.23809524
416.352 0.15873016
416.561 0.33333333
416.688 0.15873016
416.78 0.09523810
416.942 0.11111111
416.977 0.09523810
416.988 0.09523810
417.67 0.14285714
418.108 0.14285714
418.533 0.14285714
418.66 0.33333333
418.732 0.12698413
419.17 0.02666667
419.309 0.12698413
419.328 0.09523810
419.387 0.19047619
419.483 0.01682540
419.634 0.11111111
419.8 0.06349206
419.867 0.04761905
419.872 0.14285714
420.124 0.04761905
420.132 0.11111111
420.294 0.22222222
420.941 0.26984127
421.326 0.04761905
421.404 0.38095238
421.713 0.04761905
421.759 0.23809524
422.26 0.47619048
422.775 0.23809524
423.174 0.19047619
423.421 0.19047619
423.602 0.19047619
423.992 0.22222222
424.272 0.07936508
424.589 0.03047619
424.598 0.04761905
424.672 0.14285714
424.868 0.28571429
425.337 0.17460317
425.579 0.17460317
426.343 0.22222222
427.019 0.25396825
427.072 0.26984127
427.886 0.28571429
428.477 0.06349206
428.537 0.28571429
428.866 0.28571429
428.944 0.22222222
428.994 0.42857143
429.607 0.11111111
429.667 0.28571429
429.678 0.03174603
429.936 0.11111111
430.033 0.30158730
430.471 0.07936508
430.514 0.17460317
430.672 0.23809524
430.974 0.14285714
432.072 0.30158730
433.045 0.38095238
433.271 0.31746032
433.623 0.04761905
433.628 0.28571429
433.777 0.31746032
433.931 0.31746032
434.635 0.07936508
434.979 0.38095238
435.271 0.42857143
436.466 0.42857143
437.382 0.38095238
437.592 0.33333333
438.217 0.33333333
438.684 0.12698413
438.801 0.06349206
438.997 0.03079365
439.166 0.30158730
439.879 0.15873016
439.92 0.26984127
441.064 0.07936508
441.076 0.06349206
441.69 0.17460317
441.878 0.28571429
442.368 0.19047619
442.707 0.14285714
442.792 0.19047619
442.844 0.14285714
442.927 0.26984127
444.439 0.33333333
444.47 0.38095238
444.832 0.02317460
444.934 0.61904762
445.073 0.42857143
446.021 0.85714286
446.114 0.42857143
446.341 0.38095238
446.754 0.47619048
447.124 0.52380952
447.272 0.22222222
447.936 0.52380952
448.39 0.42857143
448.527 0.12698413
448.691 0.42857143
449.785 0.33333333
451.586 0.31746032
451.959 0.14285714
452.192 0.11111111
452.308 0.61904762
452.735 0.85714286
452.847 0.52380952
453.249 0.09523810
453.573 0.38095238
453.907 0.14285714
453.975 0.33333333
454.496 0.17460317
455.13 0.42857143
456.028 0.57142857
456.096 0.38095238
456.236 0.90476190
456.584 0.25396825
457.228 0.71428571
457.69 0.14285714
458.25 0.17460317
459.112 0.12698413
459.393 0.47619048
460.64 0.19047619
462.49 0.25396825
462.76 0.33333333
462.816 0.57142857
463.232 0.20634921
465.051 0.07936508
465.429 0.07936508
466.95 0.06349206
468.013 0.09523810
468.461 0.12698413
471.4 0.15873016
471.481 0.04761905
472.509 0.17460317
473.352 0.02825397
473.728 0.33333333
473.953 0.17460317
474.717 0.52380952
475.784 0.26984127
476.607 0.06349206
476.877 0.17460317
477.394 0.33333333
482.255 0.47619048
488.246 0.57142857
497.15 0.23809524
497.645 0.14285714
501.177 0.19047619
502.287 0.26984127
503.778 0.30158730
504.402 0.33333333
507.178 0.42857143
507.535 0.23809524
507.968 0.71428571
511.717 0.38095238
514.757 0.30158730
514.999 0.23809524
518.746 1.00000000
519.166 0.57142857
521.192 1.00000000
522.346 0.38095238
522.975 0.33333333
523.292 0.30158730
524.592 0.57142857
526.571 0.30158730
527.423 1.00000000
529.656 0.30158730
532.808 0.02444444
533.054 0.47619048
535.353 0.90476190
539.34 0.52380952
539.764 0.42857143
540.923 0.80952381
542.038 0.33333333
544.924 0.47619048
546.837 0.25396825
547.229 0.42857143
551.208 0.47619048
555.625 0.38095238
556.597 0.33333333
559.588 0.17460317
560.128 0.33333333
565.097 0.03174603
565.514 0.30158730
566.42 0.06349206
566.996 0.33333333
567.775 0.15873016
569.108 0.03174603
569.294 0.15873016
569.699 0.26984127
569.923 0.26984127
571.059 0.02031746
571.903 0.28571429
574.947 0.03174603
577.312 0.14285714
578.815 0.15873016
581.292 0.31746032
594.086 0.33333333
594.983 0.04761905
596.222 0.23809524
596.271 0.06349206
597.956 0.04761905
598.34 0.09523810
600.018 0.04761905
600.19 0.06349206
600.263 0.20634921
600.586 0.12698413
600.62 0.03174603
600.682 0.09523810
601.342 0.14285714
601.659 0.06349206
602.42 0.23809524
603.126 0.01809524
603.254 0.38095238
603.358 0.01111111
603.42 0.01492063
603.441 0.00085714
603.549 0.01587302
604.339 0.12698413
604.74 0.06349206
605.18 0.02285714
605.75 0.02952381
605.8 0.07936508
606.091 0.52380952
606.179 0.02761905
606.675 0.04761905
607.2 0.14285714
607.661 0.06349206
607.716 0.09523810
608.128 0.07936508
609.735 0.09523810
609.834 0.19047619
609.887 0.09523810
610.874 0.07936508
611.89 0.23809524
613.2 0.14285714
613.51 0.17460317
614.292 0.15873016
614.336 0.07936508
614.784 0.23809524
616.214 0.12698413
618.797 0.00184127
619.523 0.09523810
619.553 0.12698413
620.898 0.15873016
621.682 0.12698413
622.894 0.09523810
623.245 0.07936508
623.745 0.00279365
623.871 0.09523810
624.187 0.06349206
625.365 0.07936508
627.205 0.20634921
627.647 0.09523810
628.779 0.03111111
629.558 0.20634921
629.951 0.04761905
630.021 0.20634921
630.664 0.11111111
630.816 0.04761905
631.001 0.22222222
633.536 0.19047619
633.721 0.09523810
634.175 0.03174603
634.395 0.19047619
637.111 0.15873016
639.302 0.07936508
642.529 0.04761905
643.439 0.17460317
643.64 0.17460317
645.803 0.38095238
646.688 0.07936508
646.739 0.30158730
649.097 0.12698413
650.327 0.04761905
650.716 0.04761905
651.359 0.15873016
651.731 0.19047619
655.17 0.26984127
655.565 0.26984127
660.686 0.06349206
662.3 0.07936508
662.893 0.15873016
665.272 0.07936508
666.559 0.15873016
667.554 0.04761905
670.427 0.28571429
670.452 0.00142857
670.604 0.02063492
672.871 0.14285714
672.957 0.17460317
674.47 0.00349206
677.428 0.12698413
677.828 0.52380952
680.781 0.33333333
680.882 0.11111111
681.823 0.15873016
682.973 0.00225397
684.725 0.09523810
685.655 0.07936508
689.845 0.11111111
692.481 0.38095238
693.945 0.15873016
694.494 0.19047619
697.35 0.06349206
698.382 0.00215873
698.602 0.38095238