380.946 0.01333333
381.001 0.01000000
381.836 0.01000000
382.02 0.02666667
382.434 0.00024667
382.759 0.03333333
382.973 0.00021333
383.335 1.00000000
384.537 0.00666667
384.565 0.01000000
384.58 0.00453333
385.072 0.00173333
385.099 0.01333333
385.137 0.01000000
385.165 0.00426667
385.474 0.00413333
386.083 0.02000000
386.099 0.01333333
386.137 0.00666667
386.144 0.00014000
386.188 0.00273333
386.408 0.00014000
386.452 0.00206667
386.857 0.00573333
388.379 0.00220000
390.276 0.00240000
390.562 0.00028000
391.387 0.01000000
391.663 0.00666667
391.752 0.00633333
392.587 0.18000000
392.782 0.00226667
392.86 0.00186667
394.482 0.00626667
395.417 0.00520000
399.015 0.00360000
399.15 0.12000000
399.527 0.00034667
400.08 0.00054000
401.85 0.26000000
402.002 0.00660000
402.562 0.00293333
403.647 0.00380000
405.907 0.17000000
408.684 0.00025333
410.423 0.11000000
410.479 0.00420000
410.683 0.10000000
412.394 0.00580000
412.418 0.00049333
413.016 0.00313333
413.08 0.01666667
413.25 0.18000000
413.364 0.02000000
413.429 0.00093333
414.705 0.05000000
414.726 0.00166667
415.399 0.00213333
418.558 0.09000000
418.88 0.07000000
419.161 0.07000000
419.508 0.08000000
420.452 0.08000000
420.801 0.13000000
420.967 0.03333333
421.374 0.00433333
422.175 0.00453333
422.491 0.07000000
422.642 0.04666667
422.734 0.00446667
423.353 0.00393333
423.396 0.20000000
423.541 0.00400000
423.546 0.10000000
424.125 0.25000000
425.018 0.00446667
425.338 0.35000000
425.748 0.00486667
426.118 0.10000000
426.323 0.00480000
426.458 0.02666667
427.057 0.10000000
427.648 0.10000000
428.046 0.00280000
429.171 0.09000000
430.404 0.05333333
430.742 0.09000000
432.334 0.02000000
433.277 0.02333333
433.621 0.13000000
433.786 0.00300000
434.363 0.35000000
436.327 0.05000000
436.95 0.02000000
437.091 0.66666667
437.154 0.00406667
437.293 0.21000000
437.99 0.10000000
438.756 0.07000000
438.975 0.35000000
439.04 0.12000000
439.914 0.32000000
440.252 0.04666667
440.303 0.28000000
443.849 0.42000000
444.582 0.10000000
444.614 0.10000000
446.937 0.09000000
447.53 0.06000000
448.991 0.38000000
449.103 0.06000000
452.619 0.18000000
454.549 0.01000000
456.934 0.43000000
457.196 0.00666667
457.212 0.66666667
457.818 0.01333333
458.048 0.00660000
459.095 0.00366667
460.098 0.05000000
460.425 0.00220000
460.768 0.00193333
460.821 0.64000000
462.394 0.01000000
465.404 0.03000000
466.121 0.05333333
467.454 0.00293333
467.777 0.01000000
469.152 0.01333333
470.314 0.49000000
472.126 0.01666667
473.935 0.02666667
474.073 0.02333333
475.558 0.11000000
476.523 0.02000000
476.865 0.29000000
477.107 0.08000000
477.167 0.03666667
477.891 0.08000000
478.132 0.13000000
478.179 0.08000000
478.536 0.08000000
479.455 0.39000000
479.57 0.00153333
479.692 0.00153333
479.83 0.02333333
481.006 0.30000000
481.161 0.01666667
481.843 0.00606667
481.87 0.00153333
481.947 0.30000000
481.976 0.03666667
482.096 0.00153333
482.571 0.00153333
483.67 0.03333333
485.271 0.01666667
485.705 0.02000000
486.186 0.00186667
486.375 0.19000000
487.769 0.00186667
489.17 0.00186667
489.677 0.37000000
489.891 0.00186667
490.478 0.23000000
490.718 0.02666667
491.428 0.02333333
491.773 0.24000000
492.215 0.04000000
492.425 0.03666667
492.488 0.02000000
492.516 0.03000000
493.172 0.00213333
493.692 0.05333333
497.008 0.15000000
497.164 0.03000000
497.662 0.02333333
499.548 0.20000000
506.812 0.01666667
507.826 0.58000000
509.832 0.07000000
509.93 0.37000000
509.979 0.11000000
510.307 0.47000000
510.406 0.09000000
511.336 0.16000000
514.034 0.01000000
521.774 0.00493333
521.794 0.49000000
522.136 0.35000000
532.328 0.00486667
539.212 0.03333333
542.323 0.28000000
542.351 0.19000000
542.435 0.04666667
544.337 0.21000000
544.421 0.13000000
544.498 0.02000000
545.627 0.14000000
545.702 0.21000000
545.746 0.08000000
551.771 0.00666667
553.216 0.04000000
553.787 0.00613333
556.876 0.07000000
579.631 0.12000000
579.991 0.12000000
585.674 0.04333333
594.858 0.31000000
601.981 0.14000000
608.261 0.09000000
609.469 0.25000000
611.443 0.03666667
614.024 0.08000000
616.184 0.00353333
619.476 0.07000000
639.866 0.52000000
639.94 0.13000000
643.483 0.38000000
653.143 0.11000000
666.167 0.39000000
667.843 0.01000000
668.602 0.25000000
671.341 0.32000000
675.938 0.50000000
684.029 0.03333333
684.188 0.17000000
685.017 0.66666667
692.201 0.04000000
693.049 0.16000000
693.29 0.41000000
695.219 1.00000000
698.189 0.17000000