382.514 1.00000000
383.332 1.00000000
383.759 1.00000000
384.2 1.00000000
384.992 1.00000000
385.411 1.00000000
390.025 1.00000000
390.406 1.00000000
390.824 1.00000000
393.667 1.00000000
394.203 1.00000000
394.415 1.00000000
394.868 1.00000000
395.336 1.00000000
396.483 1.00000000
399.51 1.00000000
401.617 1.00000000
403.176 1.00000000
404.829 1.00000000
404.965 1.00000000
411.329 1.00000000
412.971 1.00000000
420.766 1.00000000
421.162 1.00000000
426.645 1.00000000
429.3 1.00000000
433.082 1.00000000
434.569 1.00000000
444.777 1.00000000
445.916 1.00000000
460.84 1.00000000
584.607 1.00000000
595.241 1.00000000
605.89 1.00000000
624.335 1.00000000
637.671 1.00000000
651.016 1.00000000
655.441 1.00000000
664.017 1.00000000
666.325 1.00000000
668.687 1.00000000
670.685 1.00000000
672.668 1.00000000
679.315 1.00000000