380.1 0.00068000
380.12 0.00068000
380.81 0.13800000
381.106 0.02000000
384.145 0.03600000
384.205 0.24000000
384.547 0.29400000
385.094 0.06000000
386.116 0.16200000
387.312 0.25800000
387.396 0.20400000
388.188 0.15000000
388.46 0.04800000
388.527 0.03400000
389.295 0.00400000
389.408 0.40000000
389.498 0.13800000
390.629 0.06600000
390.993 0.08400000
392.275 0.04000000
393.391 0.02200000
393.543 0.00224000
393.597 0.15000000
393.973 0.00176000
394.089 0.03600000
394.173 0.07200000
394.438 0.01600000
394.532 0.07200000
395.232 0.01400000
395.291 0.03400000
395.793 0.03400000
396.31 0.06000000
396.5 0.00032400
396.523 0.00260000
397.472 0.03200000
397.865 0.03000000
397.951 0.04800000
398.302 0.01200000
398.711 0.02400000
399.1 0.00029200
399.168 0.01800000
399.453 0.01800000
399.531 0.28800000
399.791 0.06000000
399.855 0.00028400
401.671 0.00144000
402.09 0.15000000
402.57 0.00600000
403.614 0.00400000
403.737 0.00064000
404.002 0.00192000
404.539 0.13800000
405.023 0.00272000
405.24 0.00600000
405.818 0.03800000
406.273 0.01200000
406.4 0.00038400
406.637 0.00196000
406.842 0.06000000
407.612 0.02600000
408.259 0.01200000
409.239 0.16200000
409.419 0.00252000
409.66 0.00600000
411.054 0.11400000
411.822 0.00284000
411.835 0.00052000
411.877 0.19800000
412.132 0.27000000
412.324 0.00064000
412.408 0.00044000
412.685 0.00136000
413.088 0.00200000
413.214 0.00400000
414.514 0.02600000
415.043 0.00236000
415.271 0.00104000
415.6 0.00108000
415.938 0.00256000
416.065 0.07200000
417.199 0.00196000
417.823 0.00192000
418.07 0.00144000
418.112 0.00268000
418.164 0.01400000
418.267 0.00800000
419.071 0.01200000
419.806 0.00192000
422.377 0.00072000
424.08 0.00080000
424.425 0.04000000
424.9 0.00080000
425.039 0.01400000
425.374 0.00600000
425.986 0.00080000
426.575 0.00076000
426.942 0.00600000
427.042 0.00152000
427.222 0.01000000
428.071 0.00600000
428.216 0.00800000
428.217 0.00600000
428.376 0.00092000
428.415 0.01200000
428.528 0.00124000
428.825 0.02800000
429.818 0.03200000
430.944 0.00276000
431.625 0.02600000
432.32 0.00204000
435.06 0.00400000
435.1 0.00400000
435.33 0.00800000
435.373 0.02000000
435.943 0.09000000
436.575 0.01800000
437.72 0.00800000
438.425 0.02200000
438.714 0.00800000
439.695 0.02200000
439.787 0.03400000
439.99 0.00800000
440.979 0.00600000
441.2 0.00600000
441.39 0.25800000
441.847 0.04200000
441.86 0.00400000
442.46 0.00352000
442.578 0.01400000
442.745 0.02000000
443.257 0.00296000
443.643 0.00160000
445.042 0.00108000
445.078 0.00076000
445.619 0.00344000
446.876 0.00156000
446.956 0.40000000
448.22 0.00096000
448.267 0.01200000
448.45 0.04800000
448.834 0.00060000
448.912 0.00164000
449.029 0.00128000
449.12 0.00156000
449.744 0.00356000
449.923 0.00392000
449.927 0.00176000
450.056 0.00292000
451.605 0.00384000
451.665 0.00056000
452.652 0.00060000
453.096 1.00000000
453.322 0.02800000
453.795 0.01000000
454.4 0.25200000
454.966 0.35400000
455.008 0.00328000
455.048 0.00060000
455.333 0.01600000
455.93 0.00600000
455.987 0.00068000
456.009 0.00092000
456.559 0.40000000
456.602 0.00092000
456.661 0.06000000
456.926 0.00164000
457.494 0.01600000
458.013 0.25200000
458.16 0.80000000
458.6 0.00080000
461.628 0.00400000
461.932 0.00052000
462.21 0.00600000
462.316 0.08400000
462.379 0.00216000
462.627 0.00076000
462.938 0.60000000
466.065 0.04000000
466.341 0.80000000
466.96 0.00132000
468.11 0.00400000
468.481 0.01000000
468.585 0.03000000
469.918 0.01600000
471.712 0.00048000
473.621 0.00400000
474.282 0.00204000
474.721 0.00008800
474.942 0.00224000
475.672 0.04000000
475.846 0.00212000
476.037 0.00372000
476.174 0.00172000
476.464 0.00232000
478.08 0.00048000
478.143 0.19200000
478.256 0.00044000
478.589 0.00128000
479.286 0.26400000
480.579 0.00160000
480.774 0.00324000
480.868 0.00224000
481.154 0.00216000
481.989 0.00276000
482.289 0.00800000
482.323 0.01600000
482.912 0.00176000
483.115 0.00600000
483.346 0.00300000
483.504 0.00056000
484.027 0.40000000
484.486 0.00264000
484.748 0.00396000
484.783 0.00400000
485.563 0.01000000
485.708 0.00800000
486.788 0.60000000
487.495 0.00328000
487.525 0.00320000
488.383 0.00600000
488.545 0.00400000
490.512 0.00048000
491.493 0.00144000
491.546 0.00052000
492.027 0.00600000
492.161 0.00148000
493.125 0.00600000
493.287 0.00268000
493.458 0.00400000
493.624 0.00320000
493.853 0.00400000
493.86 0.00600000
493.935 0.01000000
494.058 0.03200000
494.167 0.00400000
494.205 0.01000000
494.337 0.00104000
494.488 0.00600000
494.82 0.00800000
494.833 0.00052000
494.842 0.00204000
494.95 0.02200000
494.974 0.01400000
495.149 0.00248000
495.257 0.02400000
495.369 0.01000000
495.465 0.00600000
495.535 0.01400000
495.699 0.01200000
495.79 0.00176000
495.83 0.03400000
496.191 0.00304000
496.208 0.00340000
496.236 0.04200000
496.341 0.00092000
496.417 0.08400000
496.436 0.00284000
496.516 0.00124000
496.591 0.00800000
496.742 0.00132000
497.138 0.00380000
497.27 0.00252000
497.812 0.00600000
497.943 0.01200000
498.564 0.00276000
498.64 0.00400000
498.696 0.00400000
498.792 0.19800000
498.904 0.00376000
499.046 0.01400000
499.207 0.00600000
499.344 0.01400000
499.597 0.02200000
499.786 0.02000000
500.08 0.00088000
500.307 0.01600000
500.687 0.01400000
500.772 0.02600000
500.943 0.00356000
500.951 0.00260000
501.27 0.01200000
501.355 0.00124000
501.366 0.02400000
501.432 0.00176000
501.462 0.00800000
501.51 0.00232000
501.591 0.01600000
501.597 0.03200000
501.685 0.00352000
502.252 0.04000000
502.367 0.03800000
502.501 0.00400000
502.542 0.00400000
502.566 0.00348000
502.591 0.04200000
502.648 0.00348000
502.666 0.03000000
502.697 0.00200000
502.747 0.00600000
502.802 0.02200000
502.812 0.00224000
502.881 0.02200000
502.918 0.07800000
502.956 0.01000000
502.982 0.02200000
503.403 0.00044000
503.492 0.00044000
503.758 0.00600000
504.402 0.00400000
505.071 0.20400000
505.132 0.00800000
505.553 0.01200000
505.742 0.09000000
506.032 0.00600000
506.71 0.06600000
506.989 0.01400000
507.325 0.01000000
507.511 0.02400000
507.52 0.03200000
507.706 0.02200000
508.164 0.00600000
508.244 0.02200000
508.319 0.05400000
508.343 0.00400000
508.362 0.04200000
508.367 0.00600000
508.927 0.03200000
508.987 0.00316000
509.015 0.01200000
509.087 0.03800000
509.158 0.02000000
509.185 0.00272000
509.205 0.04800000
509.223 0.02000000
509.348 0.02200000
509.412 0.00600000
509.427 0.00276000
509.44 0.00064000
509.443 0.00800000
509.494 0.06600000
509.507 0.03400000
509.527 0.10800000
509.689 0.02800000
509.702 0.03000000
509.761 0.00400000
509.921 0.19800000
510.014 0.11400000
510.038 0.01400000
510.077 0.04800000
510.13 0.02400000
510.327 0.04200000
510.334 0.02600000
510.377 0.03400000
510.457 0.07200000
510.639 0.05400000
510.714 0.00600000
510.754 0.11400000
510.805 0.03800000
510.89 0.13800000
511.051 0.01600000
511.316 0.03400000
511.322 0.06600000
511.393 0.00068000
511.395 0.00248000
511.772 0.03000000
511.78 0.06000000
511.992 0.04200000
512.169 0.01400000
512.374 0.00256000
512.42 0.00264000
512.535 0.00400000
512.92 0.40000000
512.997 0.07200000
513.199 0.00600000
513.468 0.00072000
513.568 0.20400000
513.61 0.01600000
514.234 0.04200000
514.391 0.01600000
514.459 0.00212000
514.532 0.01800000
514.563 0.06000000
514.616 0.00072000
514.674 0.29400000
514.722 0.01600000
514.775 0.03200000
514.978 0.07200000
515.06 0.02200000
515.068 0.04200000
515.259 0.01000000
515.269 0.02000000
515.276 0.00800000
515.411 0.14400000
515.85 0.02800000
515.935 0.01200000
515.941 0.02200000
516.045 0.01800000
516.315 0.28800000
516.454 0.00400000
516.492 0.00072000
516.514 0.02200000
516.756 0.00800000
516.79 0.00068000
516.887 0.00392000
516.986 0.01000000
517.068 0.22200000
517.215 0.00600000
517.298 0.00800000
517.527 0.00212000
517.607 0.34200000
517.695 0.07200000
517.738 0.01800000
517.752 0.04800000
517.839 0.00272000
518.143 0.03000000
518.398 0.01200000
518.531 0.00600000
518.603 0.00296000
518.652 0.01200000
519.052 0.00600000
519.192 0.01200000
519.24 0.06600000
519.381 0.00180000
519.816 0.01200000
519.939 0.00344000
519.951 0.19200000
519.969 0.00600000
520.152 0.00400000
520.782 0.00396000
520.811 0.01200000
521.169 0.06600000
521.242 0.02600000
521.271 0.20400000
521.435 0.27000000
521.593 0.00800000
521.706 0.00400000
522.055 0.00248000
522.397 0.01600000
522.842 0.00400000
522.909 0.00368000
523.022 0.16200000
523.049 0.01400000
523.111 0.12600000
523.359 0.00224000
523.521 0.04800000
523.561 0.00400000
523.902 0.00400000
523.943 0.00132000
523.95 0.02800000
524.101 0.01000000
524.289 0.00400000
524.397 0.00212000
524.554 0.00328000
524.684 0.00048000
524.758 0.01000000
524.793 0.24600000
524.854 0.00400000
524.936 0.02600000
525.122 0.00600000
525.182 0.01000000
525.207 0.00400000
525.258 0.01800000
525.33 0.00400000
525.492 0.00360000
525.527 0.00800000
525.662 0.01000000
525.717 0.11400000
525.902 0.01000000
525.944 0.02800000
526.481 0.01800000
526.579 0.01200000
526.63 0.04800000
526.636 0.00052000
526.649 0.25200000
526.85 0.24600000
527.017 0.01200000
527.214 0.01000000
527.52 0.00800000
528.063 0.33000000
528.065 0.25200000
528.755 0.00600000
529.366 0.00308000
529.724 0.00288000
530.106 0.40000000
531.198 0.00800000
531.265 0.22200000
531.486 0.00304000
532.17 0.00056000
532.41 0.00600000
532.417 0.00400000
532.474 0.00600000
532.699 0.01600000
533.054 0.01400000
533.064 0.00400000
533.145 0.26400000
533.167 0.00228000
533.265 0.10200000
533.285 0.00600000
533.298 0.00052000
533.315 0.00052000
533.375 0.05400000
533.517 0.00600000
533.906 0.00388000
533.992 0.02000000
533.999 0.00600000
534.271 0.40000000
534.338 0.31200000
534.457 0.00600000
534.685 0.01200000
534.697 0.00232000
534.871 0.00800000
535.139 0.01200000
535.205 0.26400000
535.35 0.26400000
536.062 0.00800000
536.448 0.00248000
536.859 0.02600000
536.958 0.28200000
536.987 0.04800000
538.11 0.09000000
538.262 0.00600000
538.435 0.00600000
539.32 0.00292000
539.673 0.02600000
540.515 0.00372000
540.523 0.00228000
541.179 0.00600000
541.479 0.00600000
541.485 0.00256000
541.657 0.00400000
542.383 0.00336000
542.657 0.00800000
542.676 0.00800000
543.3 0.00068000
543.77 0.00400000
545.407 0.00052000
546.112 0.00264000
546.93 0.08400000
547.169 0.00276000
547.441 0.00400000
547.651 0.00072000
547.708 0.03000000
548.334 0.37200000
548.396 0.10800000
548.942 0.00800000
549.48 0.00064000
549.867 0.00600000
550.027 0.00800000
550.528 0.00252000
550.664 0.00400000
551.779 0.00192000
551.788 0.00060000
552.72 0.00104000
553.077 0.07200000
557.765 0.00052000
559.072 0.07800000
559.19 0.00136000
559.382 0.00172000
559.95 0.00044000
560.13 0.00100000
561.109 0.00136000
561.642 0.00232000
562.626 0.00013600
564.722 0.10800000
566.863 0.00180000
567.038 0.00100000
567.508 0.00132000
568.818 0.00260000
568.856 0.00176000
568.931 0.00400000
572.553 0.00132000
576.958 0.00356000
577.147 0.00800000
577.185 0.01400000
578.135 0.02000000
579.342 0.01200000
579.856 0.03400000
581.102 0.01400000
581.167 0.05400000
581.452 0.00128000
581.604 0.01600000
581.67 0.03800000
581.852 0.02000000
582.092 0.01000000
582.685 0.00800000
582.898 0.01200000
583.933 0.00108000
585.7 0.00080000
587.807 0.00048000
588.341 0.00140000
588.78 0.00048000
589.049 0.00340000
590.591 0.00044000
591.478 0.00280000
591.555 0.08400000
593.008 0.00600000
593.538 0.06000000
594.048 0.00800000
594.187 0.00044000
598.408 0.00264000
599.188 0.18600000
600.502 0.00344000
600.635 0.02200000
601.35 0.01400000
601.949 0.01000000
603.183 0.02200000
605.108 0.01200000
605.823 0.00168000
606.454 0.02200000
606.63 0.00052000
608.244 0.26400000
609.314 0.09600000
609.908 0.00268000
609.917 0.00400000
611.055 0.00800000
611.255 0.01000000
611.7 0.04000000
611.872 0.00600000
612.668 0.00052000
612.909 0.01000000
615.819 0.01400000
618.101 0.00600000
618.9 0.11400000
619.476 0.00056000
620.572 0.04800000
620.903 0.00052000
622.943 0.02400000
623.1 0.09600000
624.637 0.00224000
624.951 0.05400000
625.7 0.00136000
628.004 0.00096000
628.263 0.13200000
631.9 0.00052000
635.275 0.00116000
635.771 0.01600000
637.179 0.00320000
637.379 0.05400000
638.666 0.00308000
641.778 0.10800000
642.587 0.04800000
642.991 0.03000000
643.029 0.01800000
644.467 0.01000000
645.0 0.00025600
645.024 0.25200000
645.109 0.01600000
645.5 0.04000000
646.546 0.00120000
649.034 0.04800000
650.29 0.03200000
650.878 0.00348000
651.935 0.00040000
652.211 0.06000000
653.871 0.10200000
653.872 0.02000000
654.274 0.01000000
654.76 0.00600000
656.342 0.13800000
657.131 0.07800000
657.602 0.00072000
657.622 0.07800000
659.042 0.00800000
659.984 0.00356000
660.222 0.03400000
661.478 0.04000000
662.1 0.00088000
662.163 0.06000000
662.337 0.00088000
662.822 0.03400000
663.244 0.14400000
663.839 0.00100000
664.403 0.00100000
665.23 0.00312000
665.812 0.01800000
666.641 0.01800000
667.578 0.02000000
667.88 0.12600000
668.169 0.03000000
669.631 0.01800000
677.103 0.35400000
678.481 0.03800000
680.896 0.05400000
681.494 0.34800000
683.338 0.02200000
684.91 0.00132000
685.343 0.00128000
687.24 0.30600000
689.206 0.00144000
689.63 0.00132000
692.392 0.00024800
693.229 0.00196000
696.129 0.00072000
696.136 0.00072000
699.732 0.11400000