380.48 0.13500000
380.492 0.30000000
380.502 0.01000000
380.591 0.00220000
380.656 0.02250000
380.683 0.04750000
380.701 0.07500000
380.751 0.08250000
380.792 0.03250000
380.799 0.10500000
380.948 0.01500000
381.194 0.00500000
381.226 0.05250000
381.4 0.00500000
381.462 0.04750000
381.543 0.04750000
381.577 0.01750000
381.6 0.00135000
381.617 0.04000000
381.621 0.02250000
381.785 0.04000000
381.844 0.01750000
381.848 0.06750000
381.941 0.00150000
381.957 0.07500000
381.988 0.00210000
381.997 0.01500000
382.036 0.04250000
382.048 0.03750000
382.087 0.01250000
382.122 0.00500000
382.139 0.00300000
382.158 0.01500000
382.209 0.01250000
382.352 0.05250000
382.539 0.05250000
382.641 0.05250000
382.788 0.00330000
382.817 0.02750000
382.875 0.03250000
382.95 0.00750000
382.971 0.00750000
382.995 0.10500000
383.003 0.18750000
383.103 0.05000000
383.149 0.00305000
383.232 0.02250000
383.273 0.01250000
383.351 0.01000000
383.37 0.00385000
383.451 0.04250000
383.473 0.03000000
383.606 0.03000000
383.63 0.02000000
383.673 0.01000000
383.882 0.05000000
384.067 0.00465000
384.127 0.17250000
384.193 0.01750000
384.201 0.00340000
384.363 0.01000000
384.378 0.00370000
384.561 0.00500000
384.898 0.09000000
384.936 0.04250000
384.953 0.02250000
385.002 0.04250000
385.024 0.00335000
385.09 0.00205000
385.196 0.00750000
385.221 0.06750000
385.263 0.00420000
385.317 0.02250000
385.422 0.04250000
385.529 0.03750000
385.557 0.03250000
385.627 0.02000000
385.675 0.00220000
385.762 0.05250000
385.889 0.03500000
385.959 0.03250000
386.009 0.00750000
386.013 0.01000000
386.186 0.00190000
386.226 0.00285000
386.254 0.02500000
386.323 0.00750000
386.368 0.01250000
386.396 0.00440000
386.493 0.06750000
386.503 0.00335000
386.653 0.00290000
386.775 0.00330000
386.818 0.00250000
386.827 0.00750000
387.024 0.07500000
387.274 0.00270000
387.455 0.06750000
387.498 0.00220000
387.511 0.00185000
387.554 0.00150000
387.612 0.00315000
387.62 0.00315000
387.638 0.00320000
387.658 0.00160000
387.671 0.03000000
387.731 0.00335000
387.779 0.00255000
387.787 0.00255000
387.83 0.00750000
387.872 0.00265000
387.886 0.00270000
387.893 0.00270000
387.923 0.05250000
388.035 0.01000000
388.123 0.05250000
388.186 0.04250000
388.329 0.06750000
388.364 0.02500000
388.467 0.00270000
388.508 0.01250000
388.521 0.04250000
388.55 0.01000000
388.605 0.00750000
388.68 0.10500000
388.708 0.01250000
388.826 0.00750000
388.839 0.00075000
388.91 0.00075000
389.072 0.00500000
389.083 0.01500000
389.106 0.00500000
389.193 0.03250000
389.314 0.00395000
389.35 0.00240000
389.403 0.04750000
389.455 0.00750000
389.489 0.00080000
389.601 0.00295000
389.648 0.00360000
389.667 0.00750000
389.701 0.00350000
389.742 0.00280000
389.766 0.03000000
389.901 0.00340000
389.92 0.00270000
390.291 0.07500000
390.316 0.02500000
390.401 0.00750000
390.441 0.00345000
390.5 0.00075000
390.564 0.00290000
390.645 0.00240000
390.694 0.00250000
390.724 0.00270000
390.778 0.02250000
390.876 0.14250000
390.998 0.00255000
391.056 0.00270000
391.072 0.01750000
391.104 0.01000000
391.183 0.00750000
391.201 0.02750000
391.236 0.00500000
391.279 0.00270000
391.39 0.00140000
391.47 0.00145000
391.495 0.01000000
391.52 0.00500000
391.584 0.08250000
391.624 0.06750000
391.697 0.02000000
391.76 0.01250000
391.785 0.00285000
391.809 0.00280000
391.916 0.19500000
392.102 0.09750000
392.244 0.00205000
392.326 0.00325000
392.334 0.02250000
392.366 0.00445000
392.404 0.00455000
392.468 0.00120000
392.565 0.00750000
392.6 0.01000000
392.664 0.02250000
392.796 0.00215000
392.816 0.00500000
392.864 0.09000000
392.966 0.02000000
393.117 0.00195000
393.248 0.00290000
393.32 0.00380000
393.555 0.00750000
393.612 0.01750000
393.624 0.00750000
393.745 0.00500000
393.835 0.02250000
393.898 0.00160000
393.93 0.00450000
393.981 0.00260000
394.0 0.00090000
394.024 0.00750000
394.054 0.00275000
394.09 0.00750000
394.115 0.00750000
394.149 0.11250000
394.282 0.00270000
394.321 0.00500000
394.361 0.01000000
394.38 0.02500000
394.425 0.00750000
394.549 0.02750000
394.556 0.00295000
394.596 0.02750000
394.712 0.00750000
394.885 0.01250000
394.961 0.00315000
394.966 0.00260000
395.032 0.00420000
395.109 0.02500000
395.177 0.02000000
395.24 0.03000000
395.317 0.03000000
395.369 0.00500000
395.383 0.00135000
395.494 0.00140000
395.608 0.00750000
395.629 0.00350000
395.762 0.00070000
395.807 0.00245000
395.841 0.00750000
395.857 0.01250000
395.914 0.00080000
396.076 0.02000000
396.219 0.00385000
396.28 0.00050000
396.368 0.14250000
396.399 0.00150000
396.435 0.00255000
396.465 0.00155000
396.491 0.00155000
396.594 0.00050000
396.716 0.00265000
396.864 0.00325000
396.906 0.03750000
396.974 0.09000000
397.006 0.01000000
397.039 0.00200000
397.073 0.00275000
397.125 0.03750000
397.235 0.00130000
397.268 0.02750000
397.308 0.00330000
397.376 0.00130000
397.503 0.00135000
397.556 0.00135000
397.601 0.00205000
397.631 0.00500000
397.666 0.13500000
397.67 0.10500000
397.868 0.03500000
397.92 0.00500000
397.932 0.00435000
397.952 0.00215000
397.979 0.03500000
398.07 0.00210000
398.123 0.04250000
398.193 0.01750000
398.261 0.00500000
398.323 0.00750000
398.39 0.08250000
398.433 0.03500000
398.438 0.00245000
398.465 0.00049000
398.503 0.00048500
398.847 0.00335000
398.865 0.00210000
398.977 0.00270000
398.998 0.03250000
399.016 0.00500000
399.111 0.08250000
399.167 0.04000000
399.21 0.00750000
399.284 0.06000000
399.396 0.02500000
399.432 0.00385000
399.58 0.00750000
399.628 0.00080000
399.66 0.00040500
399.68 0.00040500
399.684 0.00135000
399.711 0.00130000
399.776 0.00080000
399.792 0.00120000
399.885 0.01000000
400.06 0.00200000
400.144 0.08250000
400.328 0.00750000
400.391 0.01250000
400.47 0.00750000
400.743 0.00055000
400.941 0.00210000
401.084 0.00415000
401.098 0.00500000
401.247 0.02750000
401.251 0.00750000
401.444 0.00265000
401.467 0.01500000
401.66 0.00170000
401.682 0.01750000
401.821 0.01250000
402.138 0.00750000
402.226 0.03000000
402.257 0.00115000
402.343 0.00500000
402.373 0.01500000
402.403 0.00070000
402.456 0.00750000
402.5 0.04000000
402.545 0.00455000
402.595 0.00365000
402.616 0.04000000
402.621 0.00475000
402.71 0.03000000
402.761 0.00120000
402.784 0.00185000
402.804 0.01250000
402.809 0.00500000
402.847 0.00750000
403.068 0.01500000
403.112 0.01250000
403.218 0.00120000
403.263 0.00295000
403.327 0.01250000
403.394 0.00500000
403.397 0.00750000
403.52 0.00315000
403.588 0.00145000
403.681 0.00080000
403.725 0.00400000
403.729 0.03250000
403.798 0.00500000
403.86 0.00040000
403.883 0.00235000
403.909 0.04000000
403.93 0.00500000
403.93 0.00040000
404.075 0.01000000
404.104 0.01000000
404.18 0.00750000
404.224 0.01250000
404.292 0.00210000
404.366 0.00280000
404.368 0.01250000
404.415 0.01500000
404.575 0.00370000
404.619 0.00295000
404.676 0.01250000
404.878 0.03250000
404.91 0.00165000
404.977 0.01250000
405.002 0.01250000
405.194 0.01500000
405.408 0.00125000
405.48 0.00215000
405.604 0.01250000
405.678 0.00750000
405.713 0.00750000
405.721 0.01250000
405.783 0.01500000
405.877 0.03500000
406.065 0.00500000
406.308 0.00750000
406.458 0.02250000
406.494 0.00360000
406.57 0.03500000
406.661 0.00500000
406.686 0.01000000
406.693 0.01250000
406.87 0.00500000
406.935 0.00220000
406.968 0.00340000
407.006 0.01000000
407.085 0.01000000
407.099 0.00750000
407.11 0.00105000
407.256 0.00500000
407.276 0.00500000
407.332 0.00440000
407.435 0.00190000
407.486 0.01250000
407.591 0.00350000
407.605 0.01500000
407.686 0.00235000
407.708 0.01750000
407.752 0.00185000
407.768 0.01500000
407.81 0.00130000
407.904 0.00205000
408.022 0.00750000
408.056 0.00750000
408.173 0.01250000
408.19 0.02000000
408.229 0.00465000
408.3 0.00048500
408.43 0.00295000
408.502 0.00750000
408.571 0.00500000
408.593 0.00390000
408.605 0.00750000
408.613 0.01250000
408.694 0.00320000
408.759 0.00048500
408.877 0.01250000
409.007 0.01000000
409.028 0.01500000
409.047 0.00340000
409.218 0.01250000
409.306 0.02000000
409.331 0.00750000
409.462 0.00340000
409.496 0.00750000
409.764 0.01000000
409.789 0.02250000
409.802 0.01000000
409.901 0.01500000
410.115 0.01500000
410.222 0.00195000
410.302 0.00260000
410.383 0.00320000
410.429 0.00265000
410.486 0.01750000
410.603 0.00500000
410.669 0.00320000
410.839 0.01500000
410.957 0.02000000
410.995 0.00235000
411.095 0.01000000
411.098 0.02250000
411.101 0.00500000
411.135 0.01000000
411.16 0.01000000
411.322 0.00420000
411.532 0.01250000
411.805 0.00295000
411.942 0.00280000
411.954 0.00070000
411.969 0.00415000
412.011 0.00270000
412.061 0.02000000
412.149 0.00500000
412.182 0.02000000
412.216 0.01500000
412.287 0.00175000
412.338 0.01750000
412.435 0.00090000
412.457 0.00140000
412.544 0.00750000
412.556 0.00240000
412.609 0.00750000
412.651 0.05000000
412.692 0.01500000
412.729 0.01000000
412.764 0.01500000
412.808 0.00300000
412.839 0.00495000
412.918 0.00495000
413.01 0.00750000
413.045 0.00180000
413.136 0.01500000
413.216 0.00205000
413.241 0.00100000
413.438 0.01250000
413.584 0.00185000
413.737 0.00750000
413.792 0.00750000
413.795 0.00200000
413.918 0.00480000
413.928 0.00500000
414.071 0.00355000
414.219 0.01750000
414.245 0.00500000
414.455 0.00350000
414.501 0.00210000
414.549 0.00370000
414.578 0.01000000
414.62 0.01000000
414.646 0.01000000
414.755 0.00305000
414.774 0.00500000
414.849 0.00500000
414.945 0.02250000
415.048 0.00145000
415.102 0.00425000
415.158 0.01000000
415.205 0.00345000
415.277 0.02500000
415.306 0.02000000
415.381 0.02500000
415.417 0.00120000
415.725 0.00115000
415.889 0.01000000
416.003 0.00060000
416.061 0.00235000
416.082 0.00115000
416.141 0.02750000
416.178 0.00400000
416.248 0.00220000
416.315 0.00220000
416.362 0.06000000
416.391 0.00405000
416.551 0.04750000
416.644 0.00065000
416.831 0.00500000
416.984 0.05000000
417.021 0.04250000
417.075 0.00340000
417.168 0.04500000
417.191 0.00385000
417.252 0.00750000
417.26 0.00425000
417.277 0.02250000
417.388 0.00425000
417.416 0.00195000
417.496 0.00750000
417.524 0.02000000
417.595 0.02750000
417.667 0.01000000
417.717 0.00255000
417.746 0.00250000
417.784 0.02750000
417.798 0.00435000
417.807 0.01500000
417.836 0.00120000
417.852 0.00245000
417.878 0.00240000
417.904 0.00480000
417.926 0.06750000
417.942 0.01250000
417.942 0.00500000
417.978 0.01750000
418.052 0.00490000
418.154 0.00250000
418.3 0.00070000
418.307 0.02000000
418.466 0.01500000
418.504 0.01000000
418.535 0.02250000
418.634 0.03750000
418.659 0.00500000
418.689 0.00750000
418.996 0.00750000
419.013 0.03000000
419.066 0.01000000
419.127 0.05250000
419.175 0.04000000
419.21 0.03250000
419.366 0.07500000
419.388 0.00500000
419.495 0.05250000
419.542 0.00750000
419.559 0.00250000
419.723 0.05250000
419.745 0.01250000
419.802 0.00265000
419.852 0.07500000
420.01 0.06000000
420.305 0.00230000
420.359 0.07500000
420.42 0.03750000
420.446 0.06000000
420.504 0.01250000
420.69 0.06000000
420.736 0.00750000
420.81 0.00500000
420.835 0.06750000
420.85 0.00240000
420.917 0.00500000
420.936 0.06750000
421.042 0.00430000
421.076 0.00750000
421.137 0.06750000
421.153 0.00750000
421.414 0.02500000
421.419 0.01000000
421.5 0.00360000
421.531 0.00180000
421.574 0.00750000
421.62 0.00375000
421.636 0.04000000
421.761 0.09750000
421.8 0.00065000
421.903 0.00160000
421.961 0.00460000
422.045 0.00420000
422.273 0.06000000
422.347 0.01000000
422.357 0.00380000
422.451 0.03750000
422.485 0.02500000
422.675 0.06750000
423.028 0.00215000
423.047 0.03250000
423.103 0.00380000
423.134 0.01500000
423.152 0.00085000
423.165 0.00135000
423.223 0.03000000
423.285 0.02500000
423.325 0.00255000
423.55 0.00090000
423.6 0.00435000
423.725 0.00180000
423.77 0.02500000
423.895 0.03250000
424.033 0.00160000
424.071 0.06000000
424.237 0.01500000
424.283 0.00440000
424.478 0.00150000
424.566 0.00145000
424.57 0.00220000
424.833 0.00750000
424.849 0.04750000
424.87 0.00750000
424.874 0.00500000
425.138 0.00170000
425.15 0.00055000
425.222 0.00750000
425.262 0.00215000
425.435 1.00000000
425.498 0.01000000
425.55 0.00500000
425.661 0.00235000
425.735 0.00750000
425.912 0.00750000
426.134 0.02250000
426.161 0.00750000
426.192 0.00500000
426.236 0.00500000
426.314 0.02250000
426.411 0.00025500
426.68 0.00500000
426.879 0.00500000
426.927 0.00055000
426.954 0.00021500
426.995 0.00750000
427.106 0.00500000
427.12 0.00023500
427.29 0.00750000
427.401 0.00075000
427.481 0.75000000
427.556 0.02750000
427.917 0.00036000
428.017 0.00365000
428.04 0.01750000
428.065 0.00115000
428.089 0.00160000
428.104 0.00120000
428.275 0.00049000
428.3 0.00300000
428.317 0.00050000
428.4 0.00155000
428.419 0.00750000
428.471 0.01000000
428.482 0.00395000
428.84 0.00450000
428.856 0.00165000
428.973 1.00000000
429.196 0.01250000
429.342 0.00160000
429.354 0.01750000
429.484 0.00150000
429.543 0.00155000
429.575 0.04750000
429.583 0.00240000
429.611 0.00160000
429.628 0.00500000
429.638 0.00235000
429.661 0.00500000
429.705 0.03750000
429.773 0.05000000
429.805 0.00750000
429.97 0.04250000
429.989 0.00750000
430.028 0.00065000
430.05 0.04250000
430.117 0.04250000
430.278 0.01750000
430.433 0.00340000
430.474 0.00200000
430.544 0.06750000
430.691 0.00365000
430.767 0.00315000
430.973 0.00500000
431.182 0.01000000
431.233 0.00750000
431.247 0.01750000
431.277 0.00750000
431.538 0.00185000
431.546 0.01500000
431.561 0.00280000
431.688 0.00100000
431.706 0.01000000
431.79 0.01500000
431.805 0.00305000
431.862 0.00410000
431.963 0.06750000
432.057 0.08250000
432.068 0.02500000
432.124 0.04750000
432.161 0.04750000
432.385 0.00370000
432.462 0.00240000
432.506 0.09000000
432.553 0.03000000
432.563 0.00500000
432.801 0.00500000
432.886 0.00120000
432.97 0.00080000
433.022 0.03250000
433.076 0.00355000
433.213 0.00235000
433.256 0.11250000
433.432 0.05000000
433.515 0.00130000
433.578 0.00135000
433.655 0.00135000
433.725 0.00750000
433.756 0.50000000
433.877 0.05250000
433.945 0.31500000
433.971 0.15750000
434.013 0.08250000
434.12 0.00750000
434.145 0.01250000
434.317 0.06750000
434.45 0.46500000
434.507 0.03500000
434.682 0.24000000
434.749 0.03750000
435.105 0.19500000
435.176 0.39000000
435.328 0.01000000
435.394 0.02750000
435.528 0.01000000
435.656 0.00500000
435.676 0.02000000
435.752 0.01750000
435.857 0.00330000
435.962 0.29250000
435.991 0.00485000
435.999 0.02250000
436.096 0.00490000
436.208 0.00495000
436.295 0.01000000
436.313 0.05250000
436.369 0.00750000
436.409 0.01000000
436.414 0.01250000
436.488 0.01750000
436.63 0.00500000
436.662 0.00400000
436.731 0.00390000
436.825 0.02250000
436.835 0.00750000
436.865 0.00355000
436.891 0.00750000
436.912 0.00500000
436.962 0.00165000
437.044 0.00300000
437.076 0.00500000
437.087 0.00750000
437.127 0.28500000
437.231 0.00470000
437.325 0.06750000
437.365 0.02000000
437.415 0.08250000
437.533 0.04000000
437.68 0.02750000
437.754 0.03250000
437.978 0.02000000
438.056 0.00500000
438.079 0.00470000
438.111 0.03750000
438.247 0.00215000
438.254 0.00500000
438.285 0.01500000
438.437 0.00750000
438.498 0.23250000
438.53 0.00190000
438.546 0.00470000
438.647 0.00355000
438.693 0.00260000
438.737 0.01250000
438.749 0.01750000
439.007 0.00160000
439.053 0.00080000
439.082 0.00080000
439.175 0.06000000
439.226 0.00260000
439.337 0.00480000
439.353 0.00500000
439.419 0.00500000
439.467 0.00230000
439.484 0.01000000
439.542 0.01750000
439.616 0.00285000
439.646 0.01000000
439.724 0.03000000
439.904 0.00295000
439.981 0.02250000
440.337 0.02000000
440.349 0.03250000
440.627 0.01500000
440.667 0.00750000
440.675 0.00750000
440.703 0.00355000
440.771 0.00495000
440.956 0.01000000
441.03 0.05250000
441.096 0.02250000
441.109 0.03250000
441.225 0.08250000
441.3 0.01250000
441.343 0.03500000
441.386 0.06750000
441.406 0.01000000
441.438 0.04000000
441.447 0.02500000
441.667 0.03500000
441.724 0.00350000
441.771 0.00355000
441.91 0.02500000
441.942 0.02750000
441.961 0.04000000
441.979 0.06000000
442.034 0.00315000
442.096 0.02750000
442.099 0.01250000
442.269 0.03750000
442.331 0.05250000
442.367 0.02000000
442.408 0.03750000
442.428 0.13500000
442.45 0.00295000
442.489 0.04000000
442.513 0.06000000
442.561 0.00750000
442.665 0.02750000
442.702 0.00360000
442.771 0.03000000
442.85 0.09750000
442.954 0.01750000
442.992 0.06000000
443.047 0.06000000
443.217 0.11250000
443.276 0.02000000
443.341 0.00335000
443.395 0.03750000
443.447 0.02500000
443.475 0.01250000
443.644 0.02250000
443.649 0.02250000
443.823 0.01500000
443.934 0.01000000
444.102 0.00250000
444.227 0.03750000
444.371 0.03500000
444.785 0.00220000
444.961 0.00200000
445.05 0.00145000
445.331 0.00420000
445.545 0.00750000
445.619 0.00335000
445.636 0.00330000
445.851 0.11250000
445.854 0.09000000
445.938 0.01250000
445.973 0.02250000
446.077 0.01500000
446.131 0.00310000
446.209 0.00100000
446.215 0.00145000
446.277 0.01250000
446.466 0.00750000
446.49 0.00750000
446.513 0.00750000
446.535 0.01250000
446.616 0.00750000
446.732 0.00315000
446.756 0.01250000
446.838 0.00310000
446.865 0.00190000
446.977 0.00235000
446.984 0.00200000
447.378 0.02250000
447.383 0.00500000
447.536 0.04000000
447.55 0.00500000
447.613 0.01000000
447.706 0.02500000
447.988 0.01250000
448.026 0.00465000
448.036 0.01750000
448.145 0.01500000
448.176 0.00350000
448.273 0.00110000
448.287 0.04000000
448.461 0.00500000
448.468 0.01000000
448.568 0.00110000
448.638 0.00105000
448.75 0.00310000
448.805 0.04250000
448.909 0.01750000
448.933 0.00280000
448.946 0.04250000
449.055 0.02500000
449.169 0.04250000
449.185 0.08250000
449.231 0.05250000
449.341 0.00285000
449.49 0.03000000
449.504 0.00500000
449.528 0.02500000
449.56 0.01750000
449.569 0.00290000
449.685 0.34500000
449.872 0.05250000
449.926 0.00750000
450.028 0.09000000
450.068 0.00235000
450.11 0.06750000
450.164 0.01500000
450.177 0.02750000
450.221 0.01500000
450.304 0.01750000
450.391 0.00355000
450.522 0.00145000
450.549 0.00145000
450.588 0.00145000
450.595 0.01250000
450.608 0.00290000
450.684 0.05250000
450.794 0.00750000
450.876 0.01000000
451.001 0.02750000
451.179 0.01250000
451.189 0.18000000
451.302 0.00500000
451.321 0.01750000
451.388 0.00455000
451.436 0.01750000
451.453 0.05250000
451.525 0.01000000
451.543 0.04500000
451.598 0.01500000
451.858 0.01250000
451.983 0.02000000
452.113 0.05000000
452.202 0.02500000
452.483 0.04000000
452.529 0.00490000
452.6 0.01500000
452.61 0.04000000
452.645 0.10500000
452.734 0.03000000
452.746 0.03000000
452.95 0.00475000
452.984 0.05250000
453.047 0.01250000
453.068 0.33000000
453.074 0.30750000
453.092 0.01750000
453.123 0.01750000
453.144 0.00170000
453.182 0.00345000
453.271 0.00320000
453.275 0.03000000
453.324 0.00305000
453.48 0.00500000
453.514 0.09750000
453.57 0.24000000
453.575 0.15000000
453.654 0.00480000
453.959 0.02250000
453.978 0.12000000
454.022 0.00315000
454.05 0.12750000
454.07 0.12750000
454.079 0.02750000
454.086 0.03000000
454.106 0.09750000
454.151 0.09750000
454.176 0.01000000
454.264 0.09000000
454.373 0.04500000
454.461 0.18000000
454.533 0.04000000
454.595 0.31500000
454.653 0.00480000
454.794 0.00500000
454.821 0.01250000
454.865 0.00750000
455.395 0.03000000
455.482 0.03500000
455.499 0.05250000
455.508 0.06750000
455.529 0.02000000
455.617 0.04500000
455.825 0.01750000
455.864 0.75000000
455.879 0.00750000
456.001 0.00140000
456.026 0.00140000
456.051 0.00140000
456.12 0.00275000
456.151 0.01750000
456.324 0.01500000
456.341 0.00750000
456.365 0.01750000
456.416 0.01750000
456.55 0.03250000
456.573 0.05000000
456.659 0.01000000
456.702 0.00325000
456.952 0.01250000
456.961 0.04000000
457.023 0.00105000
457.034 0.01000000
457.052 0.00445000
457.097 0.00750000
457.109 0.00750000
457.167 0.03500000
457.182 0.02500000
457.219 0.00245000
457.338 0.00080000
457.394 0.00225000
457.445 0.00500000
457.511 0.01500000
457.676 0.00500000
457.832 0.01500000
457.959 0.00265000
458.005 0.15750000
458.104 0.00750000
458.204 0.00285000
458.24 0.00460000
458.39 0.00500000
458.409 0.01250000
458.475 0.00335000
458.493 0.00500000
458.507 0.00500000
458.571 0.00140000
458.614 0.01500000
458.699 0.00500000
458.726 0.00065000
458.782 0.00140000
458.787 0.02000000
458.82 0.39750000
458.99 0.00270000
459.067 0.00500000
459.139 0.13500000
459.205 0.02250000
459.254 0.01750000
459.385 0.00750000
459.504 0.01000000
459.559 0.04000000
459.64 0.00750000
459.692 0.00395000
459.843 0.01250000
459.9 0.00750000
459.925 0.00095000
460.01 0.03250000
460.075 0.09750000
460.102 0.00750000
460.113 0.02250000
460.251 0.00490000
460.287 0.01000000
460.344 0.00275000
460.384 0.00290000
460.41 0.00295000
460.459 0.01250000
460.584 0.02750000
460.636 0.01500000
460.692 0.00140000
460.75 0.00145000
460.99 0.01750000
461.106 0.01250000
461.196 0.02000000
461.336 0.21000000
461.415 0.02250000
461.451 0.02250000
461.473 0.02000000
461.612 0.50000000
461.662 0.09750000
461.737 0.00210000
461.756 0.00210000
461.881 0.18000000
461.953 0.11250000
462.04 0.00215000
462.147 0.00250000
462.194 0.10500000
462.245 0.05250000
462.275 0.03500000
462.53 0.00500000
462.565 0.00420000
462.592 0.00500000
462.617 0.09000000
462.679 0.00750000
462.741 0.00355000
462.765 0.12750000
462.765 0.01000000
462.846 0.01250000
463.044 0.00750000
463.214 0.03000000
463.325 0.02500000
463.407 0.09750000
463.458 0.00460000
463.543 0.00500000
463.717 0.02750000
463.776 0.03000000
463.782 0.02250000
463.951 0.04500000
463.967 0.02000000
464.056 0.01000000
464.068 0.00235000
464.082 0.00235000
464.149 0.00750000
464.169 0.01000000
464.199 0.04250000
464.242 0.01250000
464.391 0.02250000
464.616 0.47250000
464.648 0.01500000
464.677 0.11250000
464.748 0.00315000
464.812 0.12750000
464.833 0.00750000
464.887 0.15750000
464.943 0.18750000
465.129 0.30750000
465.216 0.50000000
465.472 0.18750000
465.618 0.12000000
465.681 0.02750000
466.12 0.00465000
466.188 0.00435000
466.242 0.00750000
466.331 0.05250000
466.382 0.06000000
466.478 0.09000000
466.591 0.02500000
466.62 0.04000000
466.651 0.06000000
466.716 0.03500000
466.771 0.00110000
466.789 0.00225000
466.932 0.05250000
466.967 0.01000000
467.008 0.00110000
467.277 0.00500000
467.316 0.01250000
467.503 0.00500000
467.58 0.00255000
467.762 0.00500000
468.047 0.05250000
468.086 0.06750000
468.459 0.02250000
468.568 0.00500000
468.618 0.05250000
468.62 0.02250000
468.936 0.09000000
469.015 0.00750000
469.296 0.00390000
469.383 0.00100000
469.394 0.06000000
469.439 0.00750000
469.514 0.06000000
469.705 0.06750000
469.739 0.02000000
469.76 0.00385000
469.846 0.08250000
469.861 0.05250000
469.894 0.02250000
469.958 0.04750000
470.061 0.09000000
470.192 0.00750000
470.274 0.00330000
470.567 0.00225000
470.609 0.04250000
470.775 0.01000000
470.801 0.22500000
471.024 0.00750000
471.399 0.02250000
471.512 0.00150000
471.768 0.02750000
471.842 0.27000000
471.88 0.01000000
472.114 0.01250000
472.214 0.00445000
472.265 0.01000000
472.276 0.02250000
472.31 0.14250000
472.318 0.01250000
472.388 0.00145000
472.441 0.14250000
472.566 0.00750000
472.592 0.00440000
472.715 0.09750000
472.748 0.00750000
472.984 0.04000000
473.071 0.13500000
473.119 0.00750000
473.255 0.00315000
473.46 0.00500000
473.615 0.00500000
473.66 0.00250000
473.735 0.16500000
474.109 0.02000000
474.312 0.03750000
474.519 0.01750000
474.531 0.09000000
474.703 0.00750000
474.763 0.00500000
474.893 0.00180000
474.927 0.00175000
474.996 0.00165000
475.104 0.00750000
475.209 0.10500000
475.29 0.01000000
475.404 0.01500000
475.473 0.10500000
475.514 0.09750000
475.612 0.42750000
475.701 0.00500000
475.732 0.03500000
475.759 0.05250000
475.975 0.01500000
475.991 0.01750000
476.125 0.02250000
476.173 0.00420000
476.351 0.00355000
476.429 0.15750000
476.464 0.02750000
476.663 0.04750000
476.727 0.02250000
476.786 0.06000000
476.856 0.00375000
477.034 0.00500000
477.067 0.02500000
477.16 0.01250000
477.237 0.00150000
477.455 0.02000000
477.513 0.03500000
477.599 0.00185000
477.758 0.01000000
477.772 0.01000000
477.851 0.00440000
477.989 0.01250000
478.165 0.00500000
478.73 0.00750000
478.774 0.01250000
478.851 0.00100000
478.934 0.29250000
479.033 0.09750000
479.091 0.01500000
479.251 0.20250000
479.77 0.03500000
479.919 0.03000000
480.103 0.30750000
480.308 0.02000000
480.322 0.02250000
480.423 0.01250000
480.462 0.05250000
480.625 0.12000000
480.701 0.01000000
480.714 0.01000000
480.928 0.01750000
481.001 0.03750000
481.023 0.02500000
481.058 0.01000000
481.073 0.04500000
481.234 0.00500000
481.427 0.14250000
481.614 0.04500000
481.755 0.01000000
481.823 0.02250000
481.93 0.01750000
482.14 0.00125000
482.206 0.02000000
482.392 0.03250000
482.413 0.04750000
482.54 0.01750000
482.552 0.01000000
482.865 0.01750000
482.931 0.07500000
482.937 0.25500000
483.165 0.03000000
483.275 0.00750000
483.567 0.00750000
483.623 0.00215000
483.636 0.00750000
483.685 0.08250000
483.719 0.01000000
483.763 0.00100000
483.842 0.01000000
483.957 0.00500000
484.037 0.00445000
484.103 0.00115000
484.114 0.00300000
484.173 0.00360000
484.191 0.00250000
484.307 0.00250000
484.63 0.02500000
484.644 0.03250000
484.719 0.01500000
484.825 0.02250000
485.021 0.02250000
485.146 0.05250000
485.515 0.03250000
485.619 0.09000000
485.73 0.04250000
485.883 0.01250000
485.98 0.02250000
486.021 0.06750000
486.037 0.02250000
486.12 0.13500000
486.184 0.21000000
486.384 0.02250000
486.433 0.02000000
486.571 0.01250000
486.829 0.02750000
487.08 0.24000000
487.2 0.01000000
487.465 0.03000000
487.557 0.01750000
487.64 0.02000000
487.649 0.05250000
487.805 0.00360000
488.004 0.03750000
488.411 0.01250000
488.46 0.06000000
488.494 0.04250000
488.577 0.09750000
488.595 0.02500000
488.701 0.20250000
488.769 0.02250000
488.852 0.15000000
489.022 0.03750000
489.149 0.00500000
489.159 0.00140000
489.198 0.00260000
489.385 0.00075000
489.437 0.02250000
489.544 0.00280000
489.647 0.00385000
489.733 0.00080000
489.752 0.00495000
489.846 0.00100000
490.162 0.01000000
490.206 0.01000000
490.323 0.09750000
490.505 0.02250000
490.537 0.00750000
490.856 0.00475000
490.988 0.00750000
491.245 0.01000000
491.427 0.00435000
491.943 0.01000000
492.024 0.01250000
492.094 0.09000000
492.226 0.38250000
492.26 0.01500000
493.018 0.06750000
493.112 0.02750000
493.254 0.01250000
493.262 0.01000000
493.488 0.03000000
493.634 0.19500000
493.751 0.00750000
494.25 0.12750000
494.456 0.04000000
494.958 0.01250000
495.28 0.01000000
495.372 0.00750000
495.481 0.16500000
495.672 0.01000000
496.228 0.00500000
496.493 0.01000000
496.582 0.00370000
496.605 0.00490000
496.68 0.03000000
496.797 0.00500000
496.913 0.00750000
497.097 0.00290000
497.149 0.00085000
497.222 0.00500000
497.33 0.00365000
497.754 0.00750000
498.161 0.01500000
498.345 0.00100000
498.596 0.02250000
499.857 0.00500000
500.095 0.00750000
500.44 0.01000000
500.508 0.00455000
500.875 0.01000000
500.978 0.02250000
501.331 0.10500000
501.733 0.01250000
501.816 0.01000000
501.918 0.03250000
502.061 0.03750000
502.19 0.03500000
502.287 0.00485000
502.363 0.01250000
502.556 0.01250000
502.583 0.01000000
502.703 0.00750000
502.805 0.00460000
503.128 0.02250000
503.254 0.02500000
503.337 0.01000000
503.465 0.01500000
503.858 0.00385000
503.909 0.01000000
504.253 0.00750000
504.285 0.00500000
504.359 0.01000000
504.504 0.01000000
504.875 0.04000000
504.942 0.00750000
505.19 0.06000000
505.513 0.00500000
506.324 0.01250000
506.591 0.03750000
506.771 0.06000000
506.829 0.02500000
507.273 0.01500000
507.293 0.04500000
508.621 0.01250000
509.188 0.03000000
509.343 0.00470000
509.732 0.00750000
510.77 0.01250000
510.891 0.02000000
511.075 0.04500000
511.248 0.01750000
511.313 0.03000000
511.946 0.01750000
512.212 0.02750000
512.277 0.03000000
512.346 0.01000000
512.591 0.00145000
512.617 0.02000000
512.65 0.02750000
512.958 0.00750000
513.566 0.02250000
513.592 0.00435000
513.793 0.01000000
513.871 0.03000000
513.886 0.02250000
513.965 0.07500000
514.226 0.01750000
514.276 0.00150000
514.467 0.04500000
514.948 0.00750000
515.183 0.04500000
515.191 0.00750000
515.35 0.03750000
516.047 0.01250000
516.077 0.02250000
516.176 0.03250000
516.372 0.02250000
516.622 0.11250000
516.795 0.01500000
516.863 0.01000000
517.703 0.00125000
517.74 0.06000000
517.781 0.02500000
518.34 0.02250000
518.456 0.08250000
519.199 0.06750000
519.349 0.02000000
519.46 0.01250000
519.645 0.06750000
519.656 0.00500000
520.017 0.04250000
520.45 0.50000000
520.602 0.75000000
520.62 0.06000000
520.634 0.00150000
520.654 0.03250000
520.81 0.01750000
520.841 0.75000000
520.884 0.01500000
521.222 0.00500000
521.366 0.00455000
521.413 0.02750000
521.461 0.01000000
521.488 0.00375000
521.528 0.00750000
521.614 0.00750000
521.659 0.01000000
521.925 0.00155000
522.089 0.01500000
522.175 0.03750000
522.239 0.00365000
522.267 0.02750000
522.388 0.00495000
522.406 0.01750000
522.453 0.01750000
522.492 0.02750000
522.502 0.01000000
522.532 0.00415000
522.581 0.02250000
522.69 0.02250000
522.707 0.00750000
522.773 0.00500000
522.809 0.02750000
522.917 0.01000000
523.022 0.03000000
523.25 0.03500000
523.662 0.00750000
523.706 0.01000000
523.732 0.01500000
523.736 0.00500000
523.896 0.12000000
524.047 0.04000000
524.092 0.01500000
524.146 0.02500000
524.335 0.09750000
524.346 0.02250000
524.677 0.02250000
524.756 0.09750000
524.792 0.02750000
524.943 0.01250000
525.017 0.01000000
525.49 0.02750000
525.512 0.03000000
525.707 0.00750000
526.016 0.01750000
526.175 0.04000000
526.376 0.00750000
526.415 0.16500000
526.515 0.02500000
526.571 0.05000000
526.895 0.00750000
527.2 0.04000000
527.227 0.00160000
527.343 0.02500000
527.369 0.03000000
527.497 0.13500000
527.517 0.00480000
527.527 0.22500000
527.575 0.00750000
527.607 0.00750000
527.806 0.01500000
527.824 0.01000000
527.988 0.04250000
528.007 0.03750000
528.028 0.03250000
528.452 0.03000000
528.454 0.02250000
528.537 0.01750000
528.564 0.02500000
528.718 0.06000000
528.763 0.02250000
528.811 0.01500000
528.848 0.02250000
528.927 0.00750000
529.286 0.00500000
529.338 0.01000000
529.43 0.00195000
529.669 0.03250000
529.738 0.01000000
529.763 0.01000000
529.801 0.01000000
529.827 0.03250000
529.849 0.26250000
530.075 0.05250000
530.418 0.03750000
530.586 0.06000000
530.597 0.06000000
530.728 0.01750000
530.842 0.05250000
530.87 0.00750000
530.947 0.01750000
530.995 0.03250000
531.069 0.02750000
531.286 0.05000000
531.358 0.09000000
531.393 0.01000000
531.839 0.01000000
531.877 0.03500000
532.185 0.00465000
532.217 0.00750000
532.347 0.00120000
532.406 0.03000000
532.432 0.02250000
532.832 0.00500000
532.873 0.01500000
532.914 0.48750000
532.944 0.06750000
532.978 0.00500000
533.371 0.02250000
533.439 0.03250000
533.487 0.08250000
533.778 0.02500000
534.045 0.06750000
534.254 0.05250000
534.476 0.02000000
534.554 0.00130000
534.58 0.39000000
534.6 0.00130000
534.609 0.00130000
534.831 0.19500000
535.509 0.02000000
535.572 0.00345000
535.63 0.00350000
535.651 0.01500000
535.796 0.04250000
535.865 0.01000000
536.299 0.06000000
536.391 0.05250000
536.599 0.04750000
536.668 0.04250000
536.768 0.00750000
536.779 0.00465000
536.809 0.06750000
536.854 0.04000000
536.935 0.00215000
537.02 0.02000000
537.136 0.00205000
537.148 0.08250000
537.37 0.01500000
537.468 0.01000000
537.496 0.00750000
537.864 0.00145000
538.35 0.06000000
538.53 0.01500000
538.697 0.02250000
538.756 0.02000000
538.901 0.00335000
539.038 0.01750000
539.061 0.12000000
539.134 0.01500000
539.577 0.07500000
539.657 0.04000000
539.783 0.06000000
539.829 0.00325000
540.06 0.03500000
540.09 0.00750000
540.499 0.03000000
540.643 0.01000000
540.762 0.01750000
540.919 0.05000000
540.978 0.75000000
541.25 0.01500000
541.591 0.03250000
542.092 0.02000000
542.197 0.00750000
542.752 0.00280000
542.797 0.02000000
542.843 0.01500000
543.235 0.03250000
543.386 0.01750000
543.582 0.01000000
543.689 0.01500000
543.779 0.03500000
544.187 0.01500000
544.241 0.07500000
544.334 0.02500000
544.676 0.00500000
544.75 0.01750000
544.792 0.01250000
546.029 0.01250000
546.241 0.02750000
546.291 0.01750000
546.396 0.05250000
546.439 0.01750000
546.465 0.00500000
546.817 0.02000000
547.603 0.01000000
547.75 0.00500000
547.79 0.01250000
547.837 0.05250000
548.051 0.06750000
548.101 0.01250000
548.216 0.01000000
548.519 0.00500000
548.572 0.01500000
548.651 0.01750000
548.903 0.01750000
548.981 0.00750000
549.03 0.01500000
549.416 0.00750000
549.766 0.03250000
549.834 0.01000000
550.209 0.03750000
550.322 0.02000000
550.372 0.00750000
550.5 0.01750000
550.745 0.01000000
550.862 0.02750000
550.994 0.02000000
551.072 0.01500000
551.147 0.00475000
551.205 0.01000000
551.27 0.01500000
551.338 0.00750000
551.9 0.00460000
552.498 0.01000000
552.591 0.00500000
552.649 0.01000000
552.837 0.00430000
552.93 0.01000000
552.955 0.01500000
553.124 0.00750000
553.18 0.00750000
553.412 0.01500000
553.463 0.01000000
553.82 0.00750000
554.07 0.01750000
554.303 0.05250000
554.333 0.02250000
554.739 0.03250000
554.861 0.01500000
554.917 0.00750000
555.035 0.04000000
555.173 0.00750000
555.221 0.02500000
555.432 0.00500000
555.559 0.00750000
555.618 0.00750000
555.944 0.01000000
556.366 0.00750000
556.398 0.01250000
556.474 0.02750000
556.54 0.00250000
556.655 0.01000000
556.784 0.00750000
556.911 0.06000000
556.965 0.04250000
557.293 0.00120000
557.321 0.00750000
557.383 0.01500000
557.439 0.00500000
557.518 0.00405000
557.533 0.00245000
557.599 0.00750000
557.648 0.00330000
557.772 0.00495000
557.825 0.03250000
558.048 0.01000000
558.16 0.00750000
558.163 0.01000000
558.303 0.01000000
558.343 0.02500000
558.686 0.06750000
558.805 0.01500000
558.823 0.00500000
559.177 0.00405000
559.244 0.00500000
559.278 0.01000000
559.473 0.00750000
559.787 0.01000000
559.805 0.01000000
560.068 0.00750000
560.18 0.00750000
560.502 0.01250000
560.917 0.03000000
560.992 0.01500000
561.318 0.05250000
561.71 0.00470000
562.362 0.03750000
562.369 0.01500000
562.524 0.01500000
562.558 0.01500000
562.747 0.03500000
562.864 0.06000000
563.196 0.00500000
563.818 0.01750000
564.174 0.00750000
564.236 0.01250000
564.418 0.00475000
564.476 0.03250000
564.789 0.00500000
564.826 0.01500000
564.939 0.03000000
565.128 0.01750000
565.41 0.02000000
565.444 0.01250000
565.596 0.01250000
565.863 0.01500000
565.952 0.01750000
566.138 0.01750000
566.264 0.02250000
566.403 0.04500000
566.458 0.00750000
566.699 0.01500000
566.783 0.02750000
566.82 0.01500000
567.199 0.02250000
567.418 0.01250000
567.507 0.00500000
567.632 0.02000000
567.778 0.02250000
567.84 0.00750000
567.942 0.01500000
568.107 0.00750000
568.25 0.01500000
568.908 0.01750000
569.096 0.03250000
569.474 0.08250000
569.62 0.08250000
569.832 0.08250000
570.051 0.02750000
570.157 0.00405000
570.231 0.07500000
571.055 0.01250000
571.277 0.04500000
571.52 0.02500000
571.61 0.01500000
571.982 0.02000000
572.178 0.01000000
572.92 0.06000000
572.92 0.00405000
573.554 0.00044500
573.662 0.00245000
573.853 0.00380000
573.917 0.00165000
574.256 0.00500000
574.311 0.00750000
574.641 0.01750000
575.366 0.02250000
575.53 0.00750000
575.826 0.02000000
576.151 0.00750000
576.213 0.01250000
576.632 0.01500000
577.266 0.01250000
577.494 0.00370000
577.732 0.02500000
577.775 0.00500000
577.9 0.00175000
578.09 0.01250000
578.118 0.03000000
578.175 0.03250000
578.306 0.07500000
578.311 0.05000000
578.385 0.05000000
578.497 0.03250000
578.574 0.02500000
578.592 0.01000000
578.606 0.00750000
578.702 0.02500000
578.792 0.08250000
578.838 0.01250000
579.01 0.03000000
579.065 0.02750000
579.096 0.06000000
579.176 0.00750000
579.181 0.01750000
579.217 0.00750000
579.459 0.01500000
579.526 0.01500000
579.674 0.01000000
579.79 0.00750000
579.851 0.00330000
580.114 0.00500000
581.586 0.02500000
581.849 0.01000000
582.287 0.01000000
582.405 0.02000000
582.543 0.01500000
582.888 0.02750000
583.781 0.00400000
583.838 0.03000000
583.867 0.01000000
584.321 0.00380000
584.46 0.01500000
584.777 0.03500000
584.902 0.00160000
585.208 0.00320000
585.427 0.06000000
585.644 0.00155000
585.815 0.01250000
586.28 0.03000000
586.345 0.00350000
586.403 0.00230000
586.444 0.02250000
586.588 0.01000000
586.705 0.00335000
586.798 0.01000000
587.118 0.01500000
587.304 0.07500000
587.563 0.02500000
587.656 0.00195000
587.804 0.06000000
587.981 0.02750000
588.143 0.02250000
588.444 0.01500000
588.642 0.00175000
588.801 0.01750000
589.233 0.05000000
589.487 0.00470000
590.218 0.00335000
590.42 0.04500000
591.383 0.03000000
591.596 0.00355000
591.676 0.00500000
591.797 0.02750000
591.99 0.02750000
592.373 0.01750000
592.861 0.01250000
593.035 0.02250000
593.324 0.00175000
593.502 0.02750000
593.537 0.02250000
593.874 0.02750000
595.07 0.02250000
595.475 0.01750000
595.556 0.01750000
595.756 0.01750000
595.917 0.00750000
596.458 0.00500000
597.069 0.04750000
597.23 0.02750000
597.869 0.01250000
597.873 0.05250000
598.185 0.00500000
598.287 0.02000000
598.922 0.01750000
599.12 0.03000000
599.231 0.04500000
599.809 0.04750000
599.997 0.02250000
600.128 0.01500000
600.457 0.03250000
600.628 0.01250000
600.661 0.00320000
601.137 0.00325000
601.462 0.01250000
601.479 0.03250000
601.958 0.03250000
602.285 0.00750000
602.368 0.03250000
602.515 0.01250000
602.853 0.00335000
602.93 0.06000000
603.7 0.02750000
603.927 0.02750000
604.044 0.02000000
604.051 0.06750000
604.541 0.01500000
604.766 0.01750000
605.026 0.04250000
605.249 0.01000000
605.312 0.09750000
605.347 0.02250000
605.441 0.08250000
606.267 0.03750000
606.847 0.05250000
607.193 0.04250000
608.774 0.03750000
609.839 0.02250000
609.954 0.03750000
610.42 0.03500000
612.111 0.03000000
612.217 0.04000000
612.249 0.02750000
612.822 0.01500000
612.923 0.00500000
613.177 0.05250000
613.576 0.02000000
613.824 0.01250000
614.171 0.03750000
615.208 0.00125000
615.271 0.01250000
615.445 0.02750000
615.813 0.08250000
615.819 0.08250000
615.862 0.06000000
615.942 0.00105000
616.104 0.05250000
616.821 0.01000000
617.156 0.00750000
617.204 0.00500000
617.91 0.00405000
617.922 0.00750000
618.138 0.01000000
618.231 0.03000000
618.623 0.01500000
618.714 0.00315000
618.858 0.00750000
619.356 0.02250000
620.925 0.03250000
621.354 0.06000000
621.775 0.02750000
621.952 0.01250000
622.371 0.02250000
622.491 0.00330000
623.23 0.00470000
624.849 0.06000000
624.992 0.04750000
625.318 0.00500000
626.129 0.02250000
626.526 0.04500000
628.272 0.03750000
628.562 0.07500000
628.687 0.02000000
630.707 0.01750000
630.974 0.05250000
631.153 0.02250000
631.32 0.01000000
631.581 0.00310000
631.71 0.00275000
632.257 0.01500000
632.419 0.01000000
632.745 0.00750000
632.884 0.00110000
633.009 0.11250000
633.328 0.00195000
634.287 0.00495000
634.442 0.00080000
634.84 0.00190000
634.901 0.00275000
635.3 0.00160000
635.924 0.00285000
636.182 0.00145000
636.286 0.12750000
636.964 0.01250000
636.969 0.00100000
637.078 0.00500000
637.345 0.00495000
637.46 0.00400000
637.519 0.01000000
637.635 0.00430000
637.716 0.00145000
637.72 0.00160000
638.314 0.00290000
639.161 0.00135000
639.502 0.00260000
640.94 0.02000000
641.155 0.01000000
641.952 0.03000000
642.053 0.04750000
642.639 0.01500000
642.814 0.04000000
643.056 0.03250000
643.62 0.00185000
643.854 0.00310000
645.223 0.01250000
645.32 0.00165000
646.015 0.04250000
646.698 0.07500000
647.005 0.06000000
647.208 0.04750000
647.375 0.08250000
647.751 0.01750000
649.018 0.00450000
649.168 0.02500000
650.119 0.06750000
650.613 0.01250000
650.894 0.01000000
650.937 0.00750000
651.021 0.01000000
651.6 0.01000000
651.695 0.01250000
651.712 0.01000000
651.898 0.01000000
652.004 0.01250000
652.261 0.01500000
652.308 0.02750000
652.351 0.01750000
652.362 0.02750000
652.391 0.01500000
652.427 0.01500000
652.476 0.05250000
652.516 0.00750000
652.576 0.03250000
652.866 0.02250000
652.919 0.08250000
652.972 0.00750000
653.138 0.06000000
653.394 0.00750000
653.671 0.04500000
653.715 0.01750000
653.792 0.07500000
654.209 0.03500000
654.702 0.01000000
655.139 0.06000000
655.582 0.01500000
656.415 0.02750000
656.457 0.03000000
656.907 0.01250000
657.288 0.05250000
657.951 0.06750000
658.092 0.06750000
658.529 0.23250000
659.05 0.01000000
659.08 0.00220000
659.213 0.01000000
659.232 0.07500000
659.468 0.12750000
659.755 0.09000000
660.052 0.01250000
660.377 0.01000000
660.446 0.06000000
660.554 0.02500000
660.723 0.07500000
660.89 0.05250000
661.219 0.02500000
661.3 0.00215000
661.381 0.06750000
662.054 0.00750000
662.392 0.01000000
662.518 0.03000000
662.726 0.01500000
662.783 0.01000000
662.869 0.01750000
662.908 0.00500000
663.001 0.10500000
663.636 0.03000000
663.645 0.05250000
663.807 0.00305000
663.906 0.01500000
663.991 0.02500000
664.042 0.02500000
664.227 0.03000000
664.303 0.01000000
664.512 0.02000000
664.578 0.01000000
664.593 0.01750000
664.876 0.02500000
664.88 0.00210000
665.191 0.01750000
665.235 0.01250000
665.502 0.02000000
665.613 0.03750000
665.759 0.01500000
666.107 0.20250000
666.393 0.06000000
666.511 0.00500000
666.74 0.00270000
666.867 0.01250000
666.928 0.15750000
667.724 0.00390000
668.028 0.00500000
668.38 0.00340000
668.896 0.00440000
669.248 0.00280000
669.84 0.00750000
670.163 0.03500000
670.99 0.02500000
671.547 0.21000000
672.973 0.09750000
673.4 0.00750000
673.42 0.09750000
673.881 0.09000000
673.941 0.03000000
674.464 0.03000000
674.66 0.02500000
674.75 0.00405000
674.907 0.01500000
674.943 0.01750000
675.02 0.00500000
675.133 0.00750000
675.388 0.02250000
675.486 0.01250000
675.649 0.04000000
675.776 0.03000000
675.932 0.02000000
676.241 0.17250000
676.53 0.02500000
678.009 0.01750000
678.491 0.01750000
678.566 0.01500000
678.916 0.08250000
679.652 0.05250000
679.806 0.01750000
680.234 0.02750000
680.5 0.03500000
681.3 0.02000000
681.452 0.03750000
681.882 0.02500000
682.945 0.12750000
682.988 0.16500000
684.5 0.07500000
686.628 0.06750000
688.162 0.06750000
688.24 0.08250000
688.305 0.30000000
689.281 0.01500000
689.6 0.00375000
689.604 0.01500000
690.32 0.00750000
691.302 0.00750000
691.52 0.00175000
692.418 0.06750000
692.527 0.06000000
692.608 0.06000000
693.013 0.00225000
693.404 0.00245000
693.557 0.00260000
697.84 0.14250000
697.979 0.02250000
698.09 0.00500000
698.866 0.00220000
699.073 0.00360000