380.513 0.00400000
381.748 0.00266667
381.786 0.00000000
381.955 0.00068000
382.237 0.00333333
382.363 0.00466667
382.504 0.00006000
382.888 0.00000000
383.338 0.00001307
383.746 0.00068000
383.763 0.00003200
384.024 0.00002667
384.895 0.00000000
385.054 0.00000000
385.352 0.00000000
386.15 0.00068000
386.434 0.00068000
386.713 0.00002133
387.018 0.00068000
387.044 0.00084000
387.416 0.00005600
387.615 0.00038667
387.65 0.05000000
387.825 0.00002400
388.096 0.00000000
388.336 0.00000000
388.363 0.00266667
388.837 0.13333333
388.861 0.02600000
389.222 0.00068000
389.699 0.00118667
389.963 0.00003200
390.007 0.00068000
390.46 0.00002933
390.482 0.00068000
390.694 0.00333333
391.032 0.00866667
391.336 0.00033333
391.506 0.00001867
392.56 0.00400000
393.499 0.00001213
393.826 0.00466667
394.142 0.00000000
394.428 0.00003733
394.445 0.00000000
395.594 0.00200000
395.696 0.00000000
395.951 0.00333333
396.52 0.00400000
396.72 0.00068000
397.177 0.00000000
397.425 0.00101333
397.652 0.00000000
397.756 0.00200000
397.8 0.00200000
397.836 0.00017333
398.427 0.00000000
399.387 0.00068000
399.977 0.00006000
400.17 0.00333333
400.654 0.00533333
400.678 0.00200000
401.059 0.00200000
401.103 0.00001280
401.503 0.00200000
401.807 0.00000000
402.14 0.00017333
402.36 0.00200000
402.841 0.00057333
402.864 0.00038667
403.014 0.00001733
403.212 0.00002267
403.513 0.00105333
403.985 0.00866667
404.1 0.00020000
404.342 0.00333333
404.719 0.00333333
404.781 0.00000000
405.397 0.00266667
406.054 0.00000000
406.796 0.00533333
406.878 0.00533333
407.544 0.00001067
407.81 0.00000000
408.149 0.00200000
408.966 0.00006533
409.035 0.00000000
409.789 0.00000000
410.032 0.00008533
410.105 0.00003867
410.679 0.00006533
410.824 0.00085333
411.116 0.00017333
411.929 0.00133333
412.118 0.00266667
413.201 0.00200000
414.54 0.00001080
415.127 0.00333333
415.173 0.00041333
415.2 0.00733333
415.86 0.00333333
416.325 0.00266667
416.674 0.00000000
416.9 0.00002267
417.354 0.00266667
417.483 0.00003467
417.611 0.00005333
417.783 0.00000000
417.98 0.00001867
418.432 0.00004933
418.624 0.00005867
418.736 0.00002667
418.755 0.00038667
419.038 0.00000000
419.324 0.00133333
419.41 0.00000000
420.105 0.00005200
420.513 0.00005067
420.642 0.00000000
420.813 0.00004267
421.275 0.01400000
421.314 0.00533333
421.947 0.00085333
422.052 0.00018667
422.112 0.00266667
422.854 0.00600000
423.22 0.00400000
423.441 0.00333333
423.855 0.00002133
424.113 0.00001187
424.198 0.00200000
424.656 0.00022667
425.637 0.00002267
425.9 0.00034667
426.133 0.00008133
426.47 0.00866667
426.786 0.00003867
427.174 0.00200000
427.713 0.00866667
427.943 0.00014667
428.372 0.00086667
428.425 0.00200000
428.757 0.00009067
428.838 0.00600000
429.2 0.00200000
429.306 0.00018667
429.61 0.00466667
429.752 0.00200000
430.065 0.00533333
430.647 0.00200000
430.796 0.00133333
431.28 0.00200000
431.286 0.00002800
431.354 0.00001733
432.04 0.00006800
432.347 0.00012267
432.542 0.00002000
432.633 0.00200000
432.756 0.00200000
433.025 0.00333333
433.544 0.00133333
434.86 0.00002000
435.001 0.00002400
436.097 0.00000000
436.33 0.00866667
437.304 0.00533333
438.009 0.00001467
438.444 0.00400000
438.466 0.00029333
438.721 0.00001733
438.878 0.00200000
439.508 0.00001467
439.6 0.00002267
439.691 0.00266667
439.777 0.00006533
439.8 0.00200000
439.95 0.00333333
440.386 0.00333333
440.526 0.00600000
441.022 0.00333333
441.519 0.00001333
441.734 0.00017333
442.406 0.00200000
442.568 0.00333333
442.573 0.00017333
443.57 0.00333333
443.609 0.00033333
444.138 0.00000000
444.4 0.00200000
444.684 0.00002533
444.766 0.00200000
444.784 0.00000000
445.079 0.00022667
445.339 0.00007867
445.535 0.00001107
445.769 0.00266667
445.847 0.00000000
445.916 0.00006400
447.334 0.00002533
447.695 0.00010000
447.9 0.00001133
448.802 0.00004000
448.912 0.00017333
449.367 0.00200000
449.675 0.00266667
450.155 0.00666667
450.672 0.00333333
450.685 0.00200000
450.842 0.00003067
451.549 0.00266667
452.286 0.00533333
452.301 0.00012533
452.674 0.01266667
452.974 0.00009867
453.897 0.01400000
455.528 1.00000000
457.261 0.00533333
457.526 0.00000000
457.741 0.00000000
458.418 0.00016000
458.596 0.00003867
459.127 0.00001467
459.317 0.40000000
459.36 0.00133333
459.365 0.00012667
460.379 0.02000000
461.051 0.00266667
461.218 0.00133333
461.617 0.00333333
462.061 0.04200000
462.309 0.00400000
462.54 0.00001040
462.55 0.00000000
462.966 0.00000000
464.652 0.00400000
465.654 0.00200000
465.705 0.00014667
466.032 0.00000000
466.552 0.01600000
466.59 0.00012133
466.685 0.00070667
466.982 0.00000000
467.029 0.00333333
468.595 0.00001307
469.247 0.00004000
469.561 0.00200000
469.908 0.00001333
469.996 0.00003467
470.177 0.00400000
470.24 0.00000000
470.293 0.00002000
470.306 0.00001867
470.474 0.00000000
471.311 0.00004800
471.612 0.00200000
472.306 0.00058667
472.969 0.00001253
473.098 0.00001267
473.299 0.00333333
473.448 0.00002533
473.965 0.00333333
474.123 0.00000000
474.548 0.00006000
474.914 0.00200000
475.763 0.00040000
476.364 0.00400000
476.406 0.00002800
476.765 0.00004133
477.599 0.00005333
477.645 0.00002267
478.638 0.00266667
479.165 0.00001147
479.291 0.00080000
479.351 0.00001080
479.387 0.00000000
479.477 0.00000000
479.569 0.00062667
480.085 0.00001467
480.454 0.00200000
481.311 0.00005333
481.374 0.00000000
481.516 0.00001333
482.062 0.00000000
482.819 0.00016000
483.019 0.00533333
484.871 0.00000000
485.159 0.00133333
486.412 0.00200000
487.004 0.00533333
487.679 0.00001280
488.005 0.07200000
488.286 0.00001093
488.494 0.00004800
488.781 0.00003600
489.071 0.00046667
489.269 0.00003867
489.438 0.00004000
489.514 0.00096000
489.586 0.00001253
489.856 0.00034667
490.712 0.00000000
490.962 0.00000000
491.424 0.00042667
491.776 0.00004267
492.279 0.00002800
492.411 0.00000000
492.57 0.00026667
492.906 0.00040000
493.081 0.00011200
493.82 0.00001733
494.294 0.00053333
494.665 0.00006133
495.285 0.00533333
495.458 0.00200000
496.127 0.00005867
496.541 0.00003067
496.562 0.00001867
497.26 0.00400000
497.398 0.00003200
498.057 0.00010400
498.162 0.00400000
498.472 0.00002533
498.978 0.00001293
499.113 0.00025333
499.809 0.00001733
500.158 0.00033333
500.229 0.00007600
501.301 0.00266667
502.952 0.00014667
503.573 0.01133333
503.582 0.00004000
504.196 0.00333333
504.38 0.01400000
504.822 0.00050667
505.269 0.00400000
505.987 0.00400000
506.094 0.00002667
506.693 0.00048000
507.068 0.00074667
507.444 0.00012267
508.012 0.00200000
508.177 0.00266667
508.207 0.00002933
508.326 0.00008533
509.66 0.00666667
510.933 0.00001867
512.597 0.00000000
513.94 0.00004667
514.223 0.00000000
515.268 0.00017333
515.944 0.00000000
515.954 0.00001867
516.941 0.00800000
517.369 0.00003333
518.188 0.00004000
518.232 0.00045333
519.673 0.00017333
520.081 0.00069333
520.588 0.00002400
520.732 0.00005333
520.958 0.00266667
521.987 0.00009600
522.151 0.00016000
522.704 0.03400000
524.939 0.01400000
525.656 0.00017333
525.659 0.00080000
525.822 0.00010533
526.318 0.00133333
526.739 0.00400000
527.405 0.00666667
527.54 0.00005467
528.486 0.00002000
530.14 0.00017333
530.378 0.00017333
530.66 0.00400000
531.416 0.00002133
531.526 0.00102667
531.975 0.00000000
533.976 0.00013333
534.094 0.00016000
534.913 0.00333333
535.035 0.00013200
535.843 0.05800000
536.922 0.00005600
537.099 0.00866667
538.079 0.00533333
538.718 0.00018667
540.278 0.00666667
540.667 0.00017333
540.719 0.00098667
540.744 0.00020000
541.361 0.00017333
541.428 0.00017333
541.967 0.01000000
542.046 0.00006800
543.102 0.00001600
546.192 0.00017333
546.38 0.00000000
546.4 0.00266667
546.594 0.00085333
548.547 0.00018667
548.769 0.00001467
549.269 0.00000000
550.102 0.00000000
550.288 0.00017333
550.385 0.00017333
550.713 0.00266667
552.864 0.00466667
555.122 0.00002533
556.302 0.02200000
556.841 0.00017333
557.367 0.00017333
557.783 0.00400000
557.903 0.00400000
558.39 0.00000000
558.557 0.00400000
558.988 0.00000000
559.283 0.00666667
560.937 0.00011200
561.741 0.00005200
562.815 0.00004933
562.835 0.00266667
563.521 0.00200000
563.667 0.00017333
565.0 0.00025333
565.026 0.00000000
565.067 0.00001733
565.526 0.00001160
565.942 0.00001213
566.402 0.00017333
566.698 0.00004267
566.934 0.00333333
568.866 0.00042667
569.378 0.00000000
570.077 0.00013333
570.723 0.00117333
572.551 0.00008400
574.025 0.00061333
574.475 0.00017333
574.572 0.00017333
575.528 0.00008133
575.71 0.00000000
576.674 0.00000000
577.3 0.00004000
578.322 0.00000000
579.365 0.00000000
580.689 0.00866667
580.795 0.00033333
581.275 0.00069333
581.416 0.00466667
583.114 0.01133333
583.64 0.00004800
583.883 0.00018667
584.514 0.00018667
584.584 0.00266667
585.11 0.00266667
585.379 0.00025333
585.495 0.00069333
586.176 0.00400000
586.369 0.00733333
586.719 0.00000000
586.906 0.00010133
587.18 0.00000000
587.771 0.00001093
588.194 0.00002667
588.243 0.00120000
588.289 0.00025333
588.651 0.00333333
589.276 0.00030667
589.482 0.00042667
589.776 0.00049333
591.133 0.00007733
592.563 0.01133333
593.425 0.00013333
593.528 0.00200000
593.949 0.00200000
594.014 0.00933333
594.298 0.00333333
594.696 0.01066667
594.825 0.00266667
595.014 0.01600000
595.805 0.00133333
596.277 0.00133333
597.373 0.00466667
597.714 0.00333333
598.254 0.00064000
598.283 0.00013200
598.332 0.00008267
598.439 0.00266667
599.951 0.00062667
600.372 0.00200000
600.944 0.00054667
601.049 0.00933333
601.507 0.00666667
602.221 0.00266667
602.819 0.00016000
603.242 0.00000000
603.409 0.00666667
603.954 0.00005067
603.985 0.00002933
604.116 0.00069333
604.399 0.01066667
606.46 0.00733333
606.66 0.00069333
606.839 0.00016000
607.672 0.00037333
607.781 0.00011600
607.889 0.00034667
607.985 0.05400000
609.576 0.00266667
609.875 0.00333333
609.994 0.00001027
610.241 0.00016000
610.907 0.00088000
610.982 0.00010933
611.652 0.00018667
611.654 0.00004000
612.207 0.00866667
612.242 0.00001467
612.861 0.00400000
613.25 0.00007333
613.624 0.00266667
614.43 0.00002133
614.662 0.00034667
614.877 0.00733333
614.915 0.00069333
615.038 0.00018667
615.064 0.04600000
615.119 0.00118667
615.324 0.00018667
615.837 0.01600000
616.305 0.00866667
616.389 0.00025333
616.55 0.00060000
617.04 0.00000000
617.288 0.00038667
617.986 0.00012133
618.754 0.00018667
619.09 0.00011600
619.198 0.00006667
619.367 0.00018667
619.983 0.00200000
620.185 0.00666667
621.31 0.00018667
621.447 0.00200000
621.76 0.00018667
622.319 0.00400000
622.343 0.00005200
622.669 0.00034667
622.774 0.00004133
623.054 0.00052000
623.135 0.00018667
624.195 0.00266667
624.296 0.04800000
624.431 0.00002133
625.021 0.00018667
625.666 0.00866667
627.351 0.00050667
628.761 0.00094667
628.859 0.00018667
629.807 0.00000000
629.898 0.00000000
630.18 0.00052000
630.727 0.00120000
630.801 0.00022667
631.266 0.00052000
631.715 0.00200000
632.078 0.00001133
632.151 0.00001333
632.62 0.00089333
633.02 0.00001333
633.362 0.00009200
633.504 0.00003733
633.588 0.02200000
634.272 0.00021333
634.376 0.00042667
635.455 0.00017333
635.786 0.00022667
636.552 0.00036000
636.709 0.00005200
637.262 0.00666667
638.405 0.00086667
638.84 0.00266667
639.967 0.00011067
640.845 0.00006133
640.944 0.00000000
641.418 0.00014667
641.952 0.00200000
643.197 0.00266667
643.817 0.00005200
644.009 0.00000000
644.085 0.00020000
644.265 0.00000000
644.388 0.00005067
645.351 0.01000000
645.633 0.05600000
647.048 0.00124000
647.262 0.00266667
647.331 0.00333333
647.765 0.00005067
648.525 0.00003467
648.906 0.00266667
648.939 0.00014667
649.553 0.00266667
649.799 0.00012133
651.603 0.00004400
651.679 0.00068000
651.898 0.00266667
652.017 0.00001733
652.45 0.00001187
652.658 0.00001600
653.231 0.00004400
653.644 0.00266667
654.397 0.01200000
654.808 0.00011067
655.236 0.00000000
655.541 0.00001467
655.951 0.00133333
656.105 0.00026667
656.331 0.00004133
656.917 0.00003467
657.044 0.00003067
657.407 0.00000000
657.452 0.00000000
657.551 0.00003600
658.602 0.00600000
658.651 0.09000000
659.536 0.01266667
659.582 0.00266667
659.88 0.00000000
659.953 0.00003467
660.078 0.00800000
660.183 0.00003733
660.694 0.00003200
662.086 0.00200000
662.444 0.01200000
662.801 0.00933333
662.866 0.00600000
663.825 0.00003600
663.889 0.00333333
664.657 0.00266667
664.846 0.00666667
665.236 0.00002533
665.274 0.00102667
665.508 0.00333333
666.386 0.00200000
666.485 0.00002133
666.574 0.00266667
666.8 0.00006800
666.978 0.00021333
668.256 0.00001733
668.825 0.00333333
669.063 0.00000000
669.937 0.00017333
670.069 0.00333333
670.592 0.00005867
670.769 0.00000000
670.824 0.01000000
670.88 0.00050667
672.328 0.09000000
672.447 0.00200000
672.878 0.00002800
673.507 0.00028000
674.397 0.00000000
674.611 0.00000000
675.874 0.00008400
676.134 0.00068000
676.163 0.00052000
676.606 0.00000000
676.991 0.00000000
677.929 0.00012533
677.955 0.00017333
678.758 0.00001240
679.959 0.00000000
680.156 0.00000000
680.602 0.00016000
682.465 0.00017333
683.135 0.00004533
684.088 0.00033333
684.891 0.00017333
685.018 0.00133333
685.787 0.00266667
686.372 0.00080000
687.045 0.03400000
687.117 0.00000000
689.0 0.00049333
689.1 0.00017333
689.242 0.00033333
689.5 0.00017333
692.542 0.00024000
694.663 0.00045333
695.55 0.00333333
697.33 0.08400000
697.967 0.00266667
698.349 0.00400000
699.334 0.00074667