380.156 0.00433333
380.307 0.00064000
380.349 0.00003267
380.413 0.00393333
380.523 0.01333333
380.627 0.05000000
380.918 0.00393333
381.195 0.00005267
381.354 0.00513333
381.749 0.00386667
381.888 0.01333333
382.088 0.00640000
382.248 0.00064000
382.483 0.00666667
382.505 0.02666667
382.692 0.00126667
383.574 0.00062000
383.616 0.00126667
383.67 0.00061333
383.798 0.00004333
384.148 0.00580000
384.259 0.00120000
384.356 0.00153333
384.451 0.00004200
384.826 0.00057333
384.958 0.02000000
385.001 0.01666667
385.11 0.01000000
385.941 0.00226667
386.047 0.01666667
386.081 0.00004733
386.134 0.01000000
386.175 0.02666667
386.212 0.00666667
386.278 0.00513333
386.364 0.00666667
386.414 0.00100000
386.63 0.00666667
386.837 0.00606667
387.133 0.00113333
387.276 0.00286667
387.321 0.00486667
387.859 0.00420000
387.867 0.00044667
387.94 0.00086667
387.99 0.00066667
388.168 0.00140000
388.171 0.00220000
388.413 0.00213333
388.453 0.00086667
388.529 0.00036667
388.592 0.00001267
388.84 0.00001667
389.009 0.00120000
389.113 0.00593333
389.292 0.00073333
389.462 0.00106667
389.669 0.00073333
389.695 0.00100000
389.773 0.01000000
389.922 0.00066667
390.006 0.00373333
390.123 0.00093333
390.208 0.00046667
390.297 0.00666667
390.318 0.00160000
390.511 0.00260000
390.727 0.00025333
391.234 0.00000000
391.249 0.00200000
391.384 0.00044667
391.431 0.00030667
391.838 0.00106667
391.917 0.00260000
392.065 0.00050667
392.107 0.00032667
392.127 0.01000000
392.141 0.00113333
392.345 0.00048667
392.396 0.00100000
392.527 0.01333333
392.586 0.00093333
393.303 0.00213333
393.327 0.00426667
393.412 0.00100000
393.596 0.00080000
393.6 0.00020667
394.097 0.00058000
394.16 0.00019333
394.458 0.00093333
394.558 0.00036667
394.577 0.00273333
394.694 0.00000000
395.162 0.00000000
395.207 0.00166667
395.381 0.00024667
395.847 0.00133333
396.416 0.00000000
397.435 0.00012000
397.554 0.00012000
397.57 0.00000000
397.995 0.00000000
398.521 0.00086667
398.702 0.00037333
399.078 0.00113333
399.33 0.00048000
399.369 0.00012000
399.802 0.00000000
399.837 0.00100000
400.303 0.00460000
400.348 0.00186667
400.452 0.00045333
400.617 0.00166667
401.004 0.00010000
401.084 0.00060000
401.424 0.00086667
401.52 0.00080000
401.58 0.00064000
401.643 0.00140000
402.263 0.03333333
402.703 0.00000000
403.035 0.00024000
403.265 0.00106667
404.255 0.00004000
404.349 0.00140000
404.375 0.00056667
405.062 0.00166667
405.238 0.00000000
405.365 0.00011333
405.638 0.00002667
405.678 0.00048000
406.264 0.03333333
406.324 0.00206667
406.501 0.00240000
406.537 0.00034667
406.811 0.00313333
406.953 0.00000000
407.322 0.00153333
407.557 0.00466667
408.053 0.00420000
408.948 0.00100000
409.049 0.00022000
409.722 0.00024667
410.422 0.01000000
411.14 0.00001067
411.248 0.00293333
411.824 0.00022000
412.174 0.00666667
412.329 0.01333333
412.517 0.00004533
412.594 0.00027333
413.136 0.07000000
413.271 0.00433333
414.13 0.00133333
414.302 0.00086667
414.781 0.00086667
415.19 0.00020667
415.362 0.00086667
415.464 0.00004067
416.114 0.00260000
416.23 0.00086667
416.428 0.00126667
416.567 0.00001267
416.659 0.00146667
417.185 0.00206667
417.612 0.00560000
417.776 0.02333333
417.951 0.00233333
418.34 0.00037333
418.515 0.00002933
419.536 0.00080000
419.577 0.00126667
419.866 0.00093333
419.944 0.00042000
420.174 0.00005800
420.189 0.00008667
420.767 0.00006000
420.932 0.00012000
421.186 0.00246667
421.232 0.00005733
421.691 0.00266667
421.88 0.00000000
421.938 0.00146667
422.143 0.00030000
422.382 0.00048667
422.434 0.00007333
422.52 0.00073333
422.794 0.00426667
423.045 0.00206667
423.09 0.00003467
423.283 0.00100000
423.944 0.00586667
424.041 0.00064667
424.131 0.00050000
424.226 0.02000000
424.325 0.00353333
424.699 0.00466667
424.896 0.10000000
425.102 0.00386667
425.339 0.01000000
425.463 0.00016000
425.563 0.01333333
425.685 0.00042000
425.94 0.03666667
426.72 0.00003600
426.761 0.00220000
426.81 0.00034667
427.511 0.22000000
427.605 0.01666667
427.781 0.00400000
427.996 0.01666667
428.085 0.00014667
428.184 0.00066667
428.34 0.00446667
428.524 0.01000000
428.647 0.00022000
428.713 0.00360000
428.778 0.00021333
429.108 0.01000000
429.247 0.01000000
429.612 0.00022000
429.97 0.00010667
430.871 0.00019333
432.076 0.00113333
432.868 0.00086667
433.564 0.00006667
433.6 0.00086667
434.104 0.00006667
434.315 0.00004533
434.47 0.00002333
434.669 0.00100000
435.197 0.00186667
435.28 0.00373333
435.474 0.00003600
435.524 0.00180000
435.734 0.00002000
436.01 0.00016000
436.537 0.00193333
437.084 0.00153333
437.14 0.00153333
437.343 0.00153333
437.346 0.00005400
437.58 0.00600000
437.711 0.00300000
437.82 0.06000000
437.838 0.00060667
438.642 0.00061333
439.642 0.00004400
439.7 0.00003400
440.236 0.00012000
441.094 0.00002667
441.554 0.01666667
441.909 0.00002667
442.258 0.00005333
442.381 0.00036667
443.569 0.00026000
444.088 0.00166667
444.171 0.00057333
444.3 0.00032667
444.483 0.00065333
446.269 0.00566667
448.035 0.11000000
448.528 0.00058667
449.536 0.00021333
450.6 0.04000000
450.735 0.04000000
450.937 0.12000000
451.319 0.00246667
451.552 0.00666667
451.605 0.00166667
452.511 0.00035333
452.998 0.00060667
453.078 0.18000000
453.381 0.00044667
453.97 0.08000000
454.103 0.00373333
454.215 0.00246667
454.643 0.00220000
455.181 0.00113333
455.592 0.03333333
455.751 0.00400000
455.87 0.01000000
457.518 0.00173333
457.519 0.00037333
457.565 0.00280000
458.49 0.00026667
458.627 0.00133333
458.697 0.13000000
458.817 0.00286667
458.96 0.00100000
459.433 0.00080000
459.444 0.00053333
459.691 0.00153333
459.795 0.00073333
460.65 0.00173333
460.847 0.00050000
460.942 0.00140000
461.966 0.00022667
462.51 0.00640000
463.18 0.00035333
463.526 0.00106667
463.959 0.00666667
464.258 0.00120000
464.701 0.01000000
464.927 0.06333333
465.112 0.26000000
466.03 0.00113333
466.136 0.00153333
466.265 0.00226667
466.732 0.00153333
467.17 0.00326667
467.358 0.00206667
467.472 0.07000000
467.734 0.00001133
468.199 0.00666667
468.777 0.00073333
469.749 0.02333333
470.171 0.00005467
470.213 0.00306667
470.459 0.11000000
473.791 0.00080000
474.459 0.00260000
475.347 0.01333333
475.843 0.00506667
476.591 0.00044667
476.674 0.00106667
476.749 0.00055333
477.297 0.00466667
477.622 0.00016667
478.109 0.00586667
479.271 0.00426667
479.4 0.00280000
479.704 0.00666667
479.731 0.00120000
480.011 0.00440000
480.058 0.00273333
480.566 0.02333333
480.705 0.00226667
481.115 0.00640000
481.295 0.01000000
481.487 0.00200000
482.027 0.00106667
482.933 0.00666667
483.225 0.00646667
483.376 0.00666667
483.467 0.00300000
483.68 0.00546667
483.743 0.00246667
484.018 0.00666667
484.183 0.00064000
484.229 0.00017333
484.738 0.01000000
485.126 0.00380000
485.499 0.00666667
485.907 0.00086667
486.156 0.03333333
486.61 0.00066667
486.625 0.00646667
487.331 0.00473333
487.715 0.00100000
488.324 0.03000000
488.378 0.02666667
488.97 0.01000000
489.351 0.00666667
489.641 0.01666667
490.047 0.00666667
490.143 0.00600000
490.453 0.00093333
490.577 0.00466667
490.657 0.00480000
490.714 0.00666667
490.828 0.00666667
490.904 0.00153333
490.973 0.02000000
491.236 0.00373333
491.292 0.00446667
491.583 0.00373333
491.811 0.01666667
491.838 0.00666667
492.003 0.00226667
492.146 0.04333333
492.642 0.00453333
492.681 0.00560000
492.741 0.00113333
492.786 0.00633333
493.071 0.00473333
493.155 0.00460000
493.17 0.02000000
493.308 0.01000000
493.669 0.00080000
493.722 0.00460000
493.752 0.01000000
493.797 0.00386667
493.965 0.01000000
494.007 0.00153333
494.091 0.00100000
494.302 0.00466667
494.948 0.03000000
495.145 0.03333333
495.162 0.00393333
495.372 0.01333333
495.596 0.00160000
496.981 0.03333333
497.122 0.00220000
497.314 0.00220000
497.37 0.00313333
497.415 0.00313333
497.506 0.00440000
498.002 0.00306667
498.101 0.00526667
498.514 0.04000000
498.55 0.00666667
498.833 0.00340000
499.521 0.00626667
499.958 0.00340000
500.229 0.00340000
500.68 0.02333333
500.985 0.01333333
501.262 0.01333333
501.522 0.00666667
501.661 0.01000000
502.013 0.00353333
502.128 0.01333333
502.26 0.00560000
502.403 0.00346667
503.079 0.00133333
503.13 0.01000000
503.254 0.00666667
503.417 0.00313333
503.436 0.00066667
503.673 0.00366667
503.901 0.00660000
504.133 0.00653333
504.209 0.00206667
504.428 0.00620000
504.735 0.00640000
505.179 0.04000000
505.434 0.00620000
505.478 0.01000000
505.891 0.02000000
505.942 0.00106667
506.064 0.02000000
506.546 0.02666667
506.709 0.02000000
506.943 0.01000000
507.23 0.01333333
507.617 0.00126667
507.651 0.00666667
507.781 0.00320000
508.11 0.00240000
508.252 0.00113333
508.398 0.01000000
508.402 0.10000000
508.828 0.01666667
508.849 0.00600000
508.894 0.00593333
508.949 0.00213333
509.382 0.01000000
509.428 0.00240000
509.444 0.00200000
509.575 0.02000000
510.006 0.00666667
510.098 0.08000000
510.328 0.00666667
510.457 0.01000000
510.554 0.43000000
510.833 0.00260000
510.982 0.01000000
510.988 0.00606667
511.034 0.03333333
511.191 0.01333333
511.549 0.00014667
511.554 0.00246667
512.075 0.01000000
512.177 0.00666667
512.447 0.01000000
512.768 0.00360000
512.774 0.00393333
513.058 0.00586667
513.312 0.00320000
513.467 0.00113333
513.639 0.00666667
513.861 0.00213333
514.27 0.00006667
514.412 0.00326667
515.121 0.03000000
515.323 0.66666667
515.726 0.00466667
515.809 0.01333333
515.836 0.00064667
515.91 0.02666667
516.325 0.00233333
516.769 0.06000000
516.897 0.00113333
517.164 0.00320000
517.56 0.00000000
517.597 0.00106667
518.337 0.01000000
518.405 0.00193333
519.264 0.00140000
519.435 0.00100000
520.087 0.00306667
520.511 0.00440000
520.714 0.01666667
520.834 0.00486667
521.278 0.00473333
521.82 1.00000000
521.921 0.01000000
522.007 0.16000000
522.952 0.00406667
522.971 0.00253333
523.447 0.00193333
523.765 0.00009333
523.955 0.00273333
524.534 0.00613333
524.711 0.00106667
524.798 0.00106667
525.052 0.00340000
525.154 0.00226667
525.421 0.00246667
525.882 0.00413333
526.105 0.00240000
526.859 0.00153333
526.999 0.02000000
527.652 0.01000000
528.095 0.00666667
528.353 0.00008000
528.536 0.00666667
528.911 0.01666667
529.182 0.03333333
529.252 0.05666667
529.74 0.01000000
530.417 0.00093333
531.077 0.00340000
531.46 0.00460000
531.599 0.00146667
531.778 0.00340000
532.08 0.00048000
532.167 0.00226667
532.184 0.00226667
532.378 0.00002000
532.407 0.00206667
532.435 0.01000000
532.532 0.00200000
532.798 0.00533333
532.881 0.00113333
532.896 0.00253333
533.163 0.00073333
533.532 0.00126667
533.552 0.00120000
533.62 0.00060000
533.758 0.00056667
533.846 0.00106667
534.01 0.00446667
534.088 0.00100000
534.22 0.00047333
534.432 0.00020000
534.437 0.00044667
534.516 0.00120000
534.558 0.00086667
534.762 0.00413333
534.768 0.00206667
534.781 0.00113333
534.908 0.00040000
535.124 0.00038667
535.158 0.00080000
535.203 0.01666667
535.267 0.00106667
535.386 0.00073333
535.448 0.01000000
535.495 0.00061333
535.519 0.00100000
535.681 0.00513333
535.733 0.00000000
535.737 0.00073333
536.003 0.00048667
536.191 0.00036667
536.554 0.00106667
536.624 0.00113333
536.838 0.00226667
536.979 0.00080000
537.128 0.00025333
537.163 0.00253333
537.52 0.00030000
537.528 0.00093333
537.58 0.00031333
537.687 0.00100000
537.816 0.00034667
538.195 0.00186667
538.233 0.00062000
538.329 0.00064667
538.482 0.00206667
538.644 0.00206667
538.684 0.00360000
539.003 0.00073333
539.042 0.00246667
539.162 0.00233333
539.17 0.01000000
539.394 0.00153333
539.729 0.00306667
539.737 0.00050667
539.841 0.00050667
539.857 0.00073333
540.371 0.00066667
540.565 0.00133333
540.745 0.00126667
540.834 0.00044667
540.838 0.00126667
541.848 0.00113333
542.2 0.00042000
542.239 0.00080000
542.827 0.00036000
543.205 0.00060667
543.714 0.00480000
543.758 0.01666667
544.165 0.00466667
544.819 0.00058667
544.941 0.00613333
545.809 0.00100000
546.314 0.00041333
546.657 0.00466667
546.856 0.00153333
546.938 0.00386667
546.968 0.00093333
547.247 0.00038000
547.295 0.00220000
547.301 0.00030000
547.312 0.00266667
547.316 0.00030000
547.713 0.00037333
547.803 0.01000000
547.991 0.01000000
548.016 0.00540000
548.252 0.00093333
548.62 0.00034667
549.353 0.00073333
549.494 0.00080000
549.505 0.00133333
549.687 0.00166667
550.402 0.00040667
550.484 0.00080000
550.743 0.00080000
551.286 0.00080000
552.125 0.00080000
552.173 0.00380000
552.544 0.00080000
552.553 0.00030667
552.72 0.00666667
552.768 0.00233333
553.002 0.00000000
553.467 0.00073333
553.505 0.00086667
553.578 0.00016667
553.767 0.00120000
553.838 0.00326667
554.161 0.00533333
554.354 0.00052000
554.478 0.00100000
555.494 0.00126667
555.551 0.03333333
555.831 0.00064000
555.942 0.00064000
556.058 0.00353333
556.207 0.00064000
556.265 0.00446667
556.7 0.00120000
556.967 0.00126667
557.164 0.00126667
557.394 0.00030667
557.844 0.00326667
557.943 0.00133333
558.195 0.00200000
558.217 0.00064000
558.386 0.00133333
558.435 0.00313333
559.138 0.00140000
559.253 0.00340000
559.377 0.00200000
560.047 0.00313333
560.058 0.00186667
560.728 0.00173333
560.803 0.00113333
560.9 0.00057333
561.524 0.00206667
561.802 0.00051333
561.988 0.00100000
562.078 0.00440000
562.17 0.00273333
562.92 0.00000000
562.924 0.00093333
563.059 0.00047333
563.115 0.00093333
563.136 0.00047333
563.304 0.00133333
563.36 0.00466667
563.551 0.00086667
563.716 0.00093333
563.747 0.00520000
564.126 0.01000000
564.353 0.00160000
564.65 0.00001200
564.802 0.00266667
565.171 0.00240000
565.663 0.04666667
566.448 0.00153333
566.743 0.00093333
566.801 0.00093333
567.033 0.00166667
567.469 0.00080000
567.6 0.00560000
567.856 0.00035333
568.135 0.00037333
568.2 0.00186667
568.243 0.00660000
568.983 0.00180000
569.453 0.00093333
569.593 0.00180000
570.024 0.14000000
570.212 0.00036000
570.601 0.00213333
571.071 0.00113333
571.159 0.00113333
572.178 0.01000000
572.644 0.00062000
572.796 0.00001867
573.1 0.00058667
573.232 0.00027333
573.666 0.00056667
575.254 0.00220000
575.902 0.00049333
575.942 0.00173333
576.122 0.00064000
576.181 0.00660000
576.814 0.00035333
576.856 0.00023333
576.975 0.00024000
577.966 0.00064667
578.213 0.20000000
578.392 0.01000000
580.113 0.00034000
580.599 0.01000000
582.582 0.00466667
583.126 0.00000000
583.351 0.00240000
583.662 0.00043333
584.25 0.00200000
585.072 0.00028000
585.11 0.00000000
585.179 0.00106667
585.694 0.00001800
585.854 0.00266667
588.1 0.00055333
589.044 0.00048667
589.797 0.01333333
590.119 0.00286667
590.975 0.00426667
591.081 0.00016000
592.669 0.00286667
592.963 0.00023333
593.475 0.00000000
593.758 0.00186667
593.978 0.00013333
594.12 0.02000000
594.183 0.00420000
596.525 0.00064667
596.659 0.00000000
597.902 0.00146667
598.831 0.01000000
599.326 0.00280000
599.559 0.00340000
600.012 0.04333333
600.23 0.00011333
601.341 0.00306667
601.837 0.00093333
602.326 0.00526667
603.233 0.00513333
605.092 0.00044000
607.149 0.00133333
607.222 0.00666667
608.033 0.05666667
608.309 0.00140000
608.502 0.00093333
609.733 0.01666667
609.999 0.00666667
610.087 0.00034000
610.575 0.04000000
610.741 0.01333333
611.087 0.00560000
611.449 0.02000000
612.773 0.05666667
615.038 0.01333333
615.422 0.01666667
615.772 0.02666667
615.796 0.00306667
616.057 0.00193333
616.57 0.00193333
617.1 0.00064667
617.203 0.01333333
617.43 0.00126667
618.688 0.03000000
618.868 0.03333333
618.932 0.01333333
619.268 0.00133333
619.809 0.00666667
619.975 0.02333333
620.372 0.00039333
620.426 0.01666667
620.845 0.01000000
620.899 0.00048667
621.454 0.00080000
621.694 0.03000000
621.985 0.01666667
622.111 0.00420000
622.129 0.00386667
622.366 0.00666667
623.14 0.00200000
623.379 0.00240000
623.634 0.01000000
625.042 0.00613333
625.337 0.00266667
625.784 0.00446667
626.185 0.03666667
626.565 0.02000000
626.83 0.03333333
627.335 0.05000000
627.666 0.00666667
628.87 0.00373333
629.624 0.00024000
629.986 0.00023333
630.101 0.02666667
630.597 0.01000000
631.13 0.02000000
631.249 0.09000000
631.356 0.00606667
631.779 0.00666667
631.894 0.00019333
632.545 0.01000000
632.647 0.01333333
635.741 0.00666667
635.809 0.00420000
636.357 0.00016000
636.927 0.00024667
637.327 0.00240000
637.33 0.00000000
637.725 0.06000000
637.784 0.01000000
638.076 0.00600000
638.526 0.00546667
639.307 0.00056667
639.396 0.01000000
640.338 0.04000000
641.114 0.00406667
641.457 0.04666667
641.463 0.00666667
641.518 0.00120000
641.816 0.00666667
641.819 0.00038667
641.994 0.00022667
642.388 0.01000000
642.742 0.00010000
642.757 0.00113333
643.242 0.01666667
643.335 0.00000000
643.36 0.00266667
643.408 0.00180000
643.48 0.00173333
643.76 0.00126667
644.12 0.00306667
644.168 0.01333333
644.174 0.02666667
644.296 0.02000000
644.359 0.00166667
644.569 0.00393333
644.763 0.00017333
644.856 0.00313333
644.963 0.00008000
645.087 0.00166667
645.212 0.00340000
645.416 0.00233333
645.489 0.00007333
645.612 0.00007333
645.719 0.00626667
645.737 0.00086667
645.826 0.00014667
646.03 0.00226667
646.214 0.00013333
646.27 0.00213333
646.534 0.00006133
646.624 0.01000000
647.014 0.01666667
647.016 0.01333333
647.42 0.00366667
647.543 0.00200000
647.618 0.00200000
647.787 0.00024000
647.932 0.00666667
648.144 0.00360000
648.44 0.00023333
648.442 0.00473333
648.518 0.00186667
648.882 0.00560000
649.403 0.00666667
649.704 0.00019333
650.614 0.00180000
650.84 0.00580000
651.254 0.00004333
651.646 0.01333333
651.732 0.01333333
651.824 0.00032667
652.05 0.00220000
652.127 0.00106667
652.382 0.01000000
652.564 0.00006467
652.665 0.00020000
652.917 0.00226667
653.008 0.03000000
653.668 0.00006667
654.164 0.00666667
654.448 0.00080000
655.03 0.00039333
655.098 0.00080000
655.129 0.00500000
655.479 0.01333333
655.619 0.00120000
655.966 0.03666667
656.449 0.00300000
656.554 0.00453333
656.795 0.00086667
657.615 0.00333333
657.708 0.02000000
657.938 0.00019333
658.354 0.00286667
659.29 0.00045333
659.968 0.01000000
660.21 0.00023333
660.353 0.00012000
661.209 0.00025333
662.161 0.01333333
662.429 0.00526667
662.624 0.00486667
662.967 0.00220000
663.148 0.02666667
663.47 0.00240000
663.517 0.00066667
664.14 0.01000000
664.413 0.00018000
664.78 0.00666667
664.876 0.07000000
665.132 0.00646667
665.464 0.00052000
666.096 0.00666667
666.395 0.00506667
667.223 0.01333333
669.271 0.00426667
671.198 0.00036000
671.67 0.01000000
671.769 0.00180000
672.548 0.00018000
672.583 0.00018000
673.64 0.04000000
673.96 0.00086667
674.142 0.03333333
674.374 0.00036000
674.929 0.01000000
675.886 0.20000000
676.014 0.00180000
676.579 0.00042667
676.756 0.00044000
677.036 0.05000000
677.564 0.01333333
677.944 0.00042000
678.011 0.07000000
678.648 0.00106667
679.32 0.00047333
680.214 0.00286667
680.622 0.07000000
680.965 0.10000000
681.469 0.00046667
682.106 0.00160000
682.186 0.00326667
682.234 0.00029333
682.32 0.00286667
682.475 0.00573333
683.053 0.01000000
683.303 0.00360000
683.546 0.00193333
683.749 0.00460000
684.099 0.00193333
684.416 0.02000000
684.61 0.00566667
684.711 0.00106667
684.999 0.00036000
685.243 0.00054000
686.306 0.01666667
686.788 0.00393333
686.879 0.02333333
687.223 0.03000000
687.94 0.02666667
688.194 0.01000000
688.992 0.01000000
689.09 0.01000000
689.35 0.00320000
689.481 0.01000000
690.262 0.01000000
690.594 0.07000000
691.565 0.00106667
692.006 0.20000000
692.86 0.00666667
693.582 0.01666667
693.755 0.04666667
693.91 0.00653333
694.88 0.05000000
695.014 0.04000000
695.287 0.10000000
695.348 0.00266667
695.393 0.05000000
695.482 0.00546667
695.788 0.04333333
696.343 0.00500000
696.834 0.00593333
696.885 0.00113333
697.631 0.00366667
697.757 0.06666667
698.655 0.02333333
699.656 0.01000000