380.627 0.50000000
381.227 0.01750000
381.367 0.12000000
381.676 0.50000000
382.568 0.27000000
383.65 0.50000000
384.089 0.02750000
384.131 0.50000000
384.2 0.10500000
384.436 0.03000000
384.634 0.12000000
384.702 0.04750000
384.939 0.09000000
385.303 0.42750000
385.84 0.02000000
386.658 0.08250000
386.845 0.16500000
386.942 0.08250000
386.986 0.31500000
387.211 1.00000000
387.399 0.29250000
387.911 0.06750000
388.199 0.06000000
389.853 0.18750000
391.487 0.06750000
391.559 0.10500000
391.729 0.00750000
392.338 0.03500000
392.786 0.00500000
393.014 0.01000000
393.152 0.21000000
393.222 0.03000000
393.3 0.01000000
393.421 0.01250000
393.67 0.01000000
394.253 0.02750000
394.468 0.25500000
394.693 0.02500000
395.039 0.04000000
395.455 0.03000000
395.779 0.05000000
396.259 0.00500000
396.839 0.18750000
397.857 0.12000000
398.192 0.09000000
398.365 0.09000000
398.421 0.04750000
399.132 0.02250000
399.669 0.12000000
400.045 0.24000000
400.584 0.00750000
400.607 0.00500000
401.129 0.00750000
401.382 0.00750000
401.47 0.01250000
402.778 0.01000000
402.832 0.00750000
403.247 0.01250000
403.365 0.01000000
403.632 0.01000000
404.198 0.00750000
404.597 0.09750000
405.056 0.01750000
405.514 0.00450000
407.312 0.04750000
407.796 0.09750000
409.61 0.01750000
410.33 0.06750000
411.134 0.04250000
412.463 0.02250000
412.824 0.03250000
412.942 0.03250000
413.035 0.02000000
413.385 0.02500000
414.15 0.02750000
414.31 0.07500000
414.606 0.07500000
416.797 0.09750000
417.193 0.00750000
418.682 0.21750000
419.164 0.08250000
419.484 0.09750000
419.519 0.02500000
419.802 0.04000000
420.224 0.04000000
420.506 0.01250000
420.654 0.02250000
421.124 0.00750000
421.172 0.38250000
421.318 0.01500000
421.516 0.09750000
421.809 0.09750000
422.111 0.12000000
422.516 0.08250000
424.591 0.04750000
425.633 0.05250000
426.826 0.02250000
429.197 0.09000000
429.493 0.09000000
430.863 0.20250000
432.586 0.09000000
435.844 0.16500000
437.424 0.08250000
437.476 0.08250000
440.938 0.15000000
444.458 0.12750000
444.97 0.24750000
445.56 0.11250000
446.814 0.17250000
452.758 0.15750000
454.166 0.18000000
456.509 0.13500000
457.778 0.11250000
458.936 0.29250000
461.226 0.30000000
461.383 0.02000000
461.482 0.02000000
461.726 0.03250000
462.003 0.05250000
466.272 0.02750000
466.466 0.06750000
467.36 0.06750000
468.203 0.02000000
468.975 0.04250000
469.868 0.04750000
472.122 0.06000000
472.713 0.05250000
473.184 0.11250000
474.573 0.02000000
475.499 0.02750000
476.004 0.08250000
477.194 0.04500000
477.48 0.02750000
477.579 0.04000000
478.692 0.04500000
479.129 0.04750000
480.064 0.02500000
481.028 0.01250000
481.904 0.04500000
482.496 0.03250000
482.888 0.03500000
482.968 0.03500000
483.238 0.05250000
483.375 0.04500000
484.175 0.02250000
485.624 0.04500000
486.805 0.04750000
487.593 0.03000000
488.016 0.04750000
488.455 0.03000000
488.933 0.05000000
489.01 0.08250000
489.368 0.04000000
489.924 0.04000000
491.641 0.02000000
492.222 0.04750000
492.316 0.07500000
495.734 0.10500000
495.959 0.01750000
497.357 0.04500000
498.552 0.06000000
500.387 0.05250000
500.428 0.06000000
501.06 0.02750000
501.798 0.03000000
502.212 0.06750000
502.403 0.04000000
502.787 0.06000000
503.3 0.08250000
505.021 0.10500000
505.335 0.06750000
505.546 0.09000000
507.767 0.30750000
509.038 0.14250000
511.032 0.06750000
512.004 0.19500000
513.502 0.06000000
513.96 0.18750000
516.103 0.08250000
516.412 0.06000000
516.534 0.06000000
516.969 0.11250000
517.29 0.01750000
518.845 0.04500000
519.286 0.21000000
519.766 0.12750000
524.694 0.13500000
525.988 0.09750000
526.056 0.13500000
527.225 0.04750000
527.529 0.05250000
527.97 0.03000000
528.207 0.05250000
528.499 0.03500000
529.782 0.04500000
530.158 0.17250000
530.902 0.12750000
532.469 0.20250000
533.743 0.12750000
534.03 0.25500000
535.211 0.14250000
536.82 0.05250000
538.563 0.04250000
538.958 0.11250000
539.557 0.06750000
539.993 0.04000000
540.419 0.06750000
541.913 0.05250000
542.332 0.05250000
542.427 0.03250000
542.67 0.05250000
544.334 0.04000000
545.111 0.11250000
545.547 0.04750000
546.91 0.06750000
549.683 0.06750000
550.279 0.07500000
550.652 0.07500000
551.541 0.09000000
554.727 0.11250000
560.065 0.08250000
560.553 0.04500000
561.323 0.05250000
562.749 0.03500000
563.95 0.04000000
564.599 0.02500000
565.201 0.06000000
568.558 0.01500000
569.872 0.00750000
570.291 0.01500000
571.846 0.03000000
574.02 0.02750000
575.048 0.02250000
575.879 0.03250000
586.811 0.14250000
591.516 0.14250000
592.456 0.17250000
596.446 0.10500000
597.449 0.24000000
598.486 0.09000000
598.856 0.23250000
600.894 0.03000000
601.082 0.04500000
601.726 0.03000000
603.098 0.06000000
605.818 0.04000000
608.506 0.03750000
608.826 0.07500000
613.364 0.02750000
615.828 0.04750000
616.843 0.07500000
619.623 0.06000000
625.909 0.06750000
626.036 0.01500000
634.332 0.04500000
638.68 0.04250000
639.66 0.04000000
642.192 0.03750000
643.655 0.01250000
646.083 0.01500000
646.858 0.02500000
647.491 0.01750000
648.359 0.03500000
648.659 0.04000000
655.802 0.06000000
657.937 0.06000000
659.414 0.05000000
664.337 0.05250000
665.836 0.03250000
666.164 0.04000000
666.786 0.06000000
670.064 0.03500000
674.793 0.04750000
675.762 0.01750000
676.589 0.07500000
681.82 0.02500000
683.542 0.12750000
685.296 0.09000000
685.646 0.04250000
688.883 0.06000000
689.797 0.05250000
689.932 0.12750000
690.653 0.06000000
692.955 0.01500000
695.028 0.02000000
695.142 0.01000000
695.808 0.03500000
698.244 0.01250000
699.13 0.01250000
699.81 0.02000000