381.133 0.00200000
381.55 0.00350000
381.967 0.08550000
382.668 0.00250000
384.423 0.00150000
386.557 0.00850000
387.727 0.00300000
388.475 0.04050000
390.018 0.01200000
390.71 1.00000000
391.524 0.00450000
391.6 0.01800000
391.729 0.01650000
391.77 0.00400000
391.909 0.01650000
392.887 0.00550000
393.048 0.55000000
394.156 0.00250000
394.221 0.00750000
394.294 0.00750000
394.308 0.02400000
394.459 0.00250000
394.567 0.00400000
394.913 0.01350000
395.076 0.00400000
395.133 0.00150000
395.575 0.03000000
395.792 0.00600000
396.361 0.00400000
396.49 0.01950000
396.659 0.00250000
396.718 0.01050000
397.196 0.40000000
397.842 0.01200000
397.963 0.00450000
398.824 0.00600000
399.393 0.01650000
399.598 0.00250000
400.371 0.02850000
401.169 0.02850000
401.758 0.02700000
403.919 0.00800000
408.538 0.00950000
409.68 0.01950000
411.204 0.02100000
411.93 0.04500000
412.97 0.25000000
413.659 0.02850000
413.707 0.02100000
414.102 0.05700000
414.172 0.06000000
415.152 0.01050000
415.164 0.01050000
417.28 0.06150000
417.516 0.04350000
419.536 0.02850000
419.618 0.01800000
420.505 0.30000000
422.108 0.02250000
422.388 0.06900000
422.74 0.01500000
422.933 0.01500000
423.245 0.00800000
423.751 0.00250000
423.869 0.00250000
424.706 0.00350000
425.38 0.00600000
427.024 0.03300000
432.936 0.03900000
432.997 0.04050000
433.061 0.00800000
433.118 0.03300000
435.509 0.07050000
436.157 0.00450000
436.947 0.01050000
437.22 0.00550000
438.317 0.06750000
438.788 0.15000000
440.527 0.00900000
440.707 0.00700000
441.966 0.00100000
443.481 0.00350000
443.556 0.35000000
446.497 0.09900000
448.515 0.08850000
452.257 0.20000000
453.559 0.00500000
459.403 0.15000000
462.722 0.01200000
466.188 0.04500000
471.359 0.06750000
474.05 0.03900000
483.033 0.03900000
483.798 0.00400000
484.047 0.02100000
484.964 0.02700000
490.086 0.02550000
490.718 0.01800000
491.14 0.02400000
495.352 0.01350000
496.021 0.03150000
496.255 0.03450000
497.576 0.02400000
501.317 0.03000000
502.291 0.02850000
502.954 0.00400000
506.795 0.00600000
509.269 0.01050000
509.644 0.01650000
511.437 0.05250000
512.91 0.07500000
513.352 0.05550000
516.67 0.04800000
519.374 0.00350000
519.985 0.06000000
520.096 0.03450000
521.51 0.10000000
522.349 0.06750000
526.64 0.08700000
527.196 0.20000000
527.248 0.03450000
528.282 0.09000000
528.725 0.01200000
528.925 0.01200000
529.126 0.01800000
529.368 0.00450000
529.464 0.02850000
535.041 0.00700000
535.169 0.01800000
535.284 0.00950000
535.51 0.02400000
535.761 0.10000000
536.161 0.03600000
539.294 0.01800000
540.277 0.10000000
542.107 0.01350000
542.694 0.02250000
544.356 0.01350000
545.151 0.10000000
545.294 0.10000000
547.232 0.09600000
548.865 0.03600000
549.52 0.00850000
551.052 0.01950000
552.663 0.00500000
553.325 0.00250000
554.744 0.07800000
557.033 0.06750000
557.714 0.07350000
557.963 0.01500000
558.003 0.02250000
558.624 0.02550000
558.683 0.01650000
559.225 0.00250000
560.586 0.00400000
562.244 0.01350000
563.254 0.01050000
564.58 0.04350000
567.385 0.03450000
573.087 0.02550000
573.9 0.02250000
576.52 0.04050000
578.369 0.00800000
579.272 0.00200000
580.027 0.01350000
581.874 0.07200000
583.098 0.15000000
587.298 0.03000000
589.531 0.00300000
590.277 0.00400000
590.994 0.00400000
591.574 0.02550000
592.53 0.00250000
592.652 0.00900000
594.272 0.00300000
595.384 0.00350000
595.428 0.00250000
596.376 0.00500000
596.607 0.08550000
596.71 0.15000000
597.169 0.00400000
597.275 0.02850000
598.047 0.00100000
598.314 0.00200000
598.378 0.00200000
599.283 0.07950000
600.436 0.02850000
600.561 0.00600000
601.22 0.03900000
601.256 0.05250000
601.558 0.01950000
601.815 0.10000000
602.315 0.02550000
602.9 0.06300000
604.466 0.01650000
604.951 0.07950000
605.736 0.05400000
607.558 0.05400000
607.738 0.01800000
608.384 0.09300000
609.935 0.10000000
610.815 0.02850000
611.878 0.07500000
612.467 0.02850000
617.305 0.10000000
617.876 0.02250000
618.813 0.09300000
619.507 0.05550000
620.76 0.00100000
623.051 0.00150000
623.373 0.03600000
625.047 0.03900000
626.225 0.10000000
626.695 0.02250000
628.595 0.00350000
629.134 0.04650000
629.977 0.09300000
630.341 0.15000000
631.378 0.00450000
631.858 0.00200000
633.582 0.03750000
635.004 0.10000000
635.589 0.03750000
636.925 0.05550000
638.273 0.04650000
638.386 0.08250000
640.093 0.15000000
640.611 0.01950000
641.004 0.09750000
641.132 0.09750000
642.829 0.05550000
643.764 0.20000000
643.993 0.01000000
645.796 0.10000000
647.07 0.00600000
648.302 0.00650000
650.155 0.07500000
651.959 0.10000000
652.272 0.00550000
654.912 0.00300000
656.787 0.09450000
659.379 0.07500000
660.355 0.01650000
664.511 0.30000000
666.635 0.02400000
668.521 0.01650000
669.396 0.09600000
670.106 0.00200000
671.045 0.00400000
674.488 0.01350000
678.254 0.01800000
678.748 0.00550000
680.272 0.09900000
681.606 0.03300000
683.43 0.00800000
684.093 0.01350000
684.483 0.01050000
684.704 0.00250000
686.454 0.25000000
689.821 0.01200000
690.367 0.07650000
691.017 0.00400000
691.482 0.01650000