384.709 0.10285714
384.999 0.07714286
385.167 0.02571429
389.848 0.00000000
389.883 0.00240000
390.193 0.00180000
390.382 0.00120000
393.069 0.00000000
393.426 0.00000000
394.856 0.00000000
397.204 0.00071429
397.267 0.00117143
397.478 0.00234286
402.473 0.06000000
402.501 0.01857143
402.549 0.03428571
408.391 0.00571429
410.307 0.02000000
410.322 0.00428571
410.351 0.03857143
410.371 0.00714286
410.387 0.00714286
410.916 0.01285714
411.654 0.00714286
411.921 0.00714286
420.715 0.00714286
422.516 0.00285714
424.412 0.00002400
424.623 0.04714286
424.639 0.00003143
424.659 0.00002857
424.677 0.00002743
424.684 0.00002571
427.536 0.01714286
427.753 0.00714286
427.893 0.00285714
429.917 0.02857143
442.03 0.00004571
442.735 0.00004000
443.232 0.00004000
444.653 0.01428571
444.672 0.05571429
444.719 0.07285714
447.999 0.00006000
473.438 0.00265714
485.939 0.04714286
493.326 0.03000000
496.065 0.00000000
500.2 0.03000000
501.254 0.00014571
511.099 0.00428571
517.325 0.01428571
523.041 0.00001457
527.901 0.00001171
554.052 0.00001771
555.243 0.00001171
557.733 0.00000000
558.927 0.00015714
562.406 0.00001943
562.693 0.00001171
565.915 0.00001457
566.753 0.00004000
567.167 0.00194286
568.914 0.00001771
570.082 0.00285714
570.731 0.00428571
575.317 0.00013714
576.12 0.00011714
595.015 0.00001171
595.919 0.00002457
596.528 0.00006857
599.442 0.00004857
601.583 0.00194286
603.804 0.00194286
604.754 0.01428571
608.011 0.00194286
609.182 0.00014571
612.55 0.00013714
614.976 0.01000000
621.087 0.00428571
623.357 0.00012857
623.965 0.28571429
624.79 0.00013714
634.851 0.19714286
636.305 0.00013714
641.365 0.14571429
646.35 0.01428571
656.969 0.04714286
658.039 0.03000000
665.041 0.03857143
669.048 0.06000000
670.828 0.03857143
677.398 0.09857143
679.553 0.06000000
683.426 0.28571429
685.603 1.00000000
687.022 0.14571429
690.248 0.42857143
690.982 0.14571429
696.635 0.06857143