380.168 0.04000000
380.181 0.00566667
380.198 0.02000000
380.228 0.02000000
380.35 0.00080000
380.401 0.03333333
380.461 0.00040000
380.479 0.00053333
380.486 0.00007333
380.534 0.33000000
380.579 0.00022667
380.622 0.03333333
380.635 0.00080000
380.67 0.16000000
380.676 0.00050000
380.754 0.12000000
380.828 0.00326667
380.873 0.08000000
380.879 0.00016667
380.904 0.00160000
380.956 0.01333333
381.076 0.05666667
381.103 0.00193333
381.18 0.00086667
381.189 0.01333333
381.208 0.00080000
381.296 0.32000000
381.306 0.00160000
381.354 0.00080000
381.363 0.02666667
381.363 0.00540000
381.388 0.04000000
381.393 0.00056667
381.412 0.00048000
381.452 0.06333333
381.478 0.00666667
381.584 0.55000000
381.634 0.02000000
381.745 0.00106667
381.764 0.04000000
381.862 0.00153333
381.949 0.00153333
382.0 0.00073333
382.042 0.60000000
382.118 0.07000000
382.183 0.03666667
382.21 0.00004267
382.407 0.00366667
382.43 0.00506667
382.444 0.11000000
382.456 0.01333333
382.491 0.00018667
382.54 0.00146667
382.588 0.36000000
382.663 0.00042667
382.684 0.00426667
382.708 0.00026000
382.757 0.00280000
382.782 0.14000000
382.815 0.00046000
382.843 0.00006533
382.85 0.00140000
382.945 0.01000000
382.976 0.00553333
383.076 0.00666667
383.086 0.00666667
383.331 0.07000000
383.422 0.27000000
383.446 0.00080000
383.472 0.00066667
383.633 0.06666667
383.692 0.00031333
383.713 0.01666667
383.758 0.00064667
383.926 0.06333333
383.94 0.00016667
384.044 0.25000000
384.105 0.31000000
384.29 0.00373333
384.299 0.00186667
384.299 0.00066667
384.326 0.08000000
384.517 0.06000000
384.522 0.00038000
384.569 0.00606667
384.583 0.00000000
384.598 0.00606667
384.628 0.00038667
384.641 0.04666667
384.68 0.07000000
384.693 0.00093333
384.694 0.00060000
384.71 0.00002000
384.74 0.00060000
384.829 0.00293333
384.922 0.00058667
384.997 0.29000000
385.082 0.12000000
385.17 0.00226667
385.257 0.09000000
385.3 0.00002133
385.346 0.00393333
385.437 0.00186667
385.531 0.00113333
385.585 0.00220000
385.637 0.28000000
385.697 0.00054667
385.921 0.05333333
385.991 0.53000000
386.134 0.00016000
386.134 0.04333333
386.136 0.00052667
386.369 0.00046667
386.374 0.03000000
386.459 0.00100000
386.552 0.31000000
386.702 0.00066667
386.722 0.08000000
386.792 0.01333333
386.823 0.00146667
386.956 0.00193333
386.961 0.05000000
387.013 0.00048667
387.175 0.04666667
387.25 0.14000000
387.292 0.00140000
387.376 0.06000000
387.405 0.00047333
387.407 0.00047333
387.604 0.02000000
387.667 0.00046000
387.802 0.18000000
387.807 0.00045333
387.818 0.00113333
387.857 0.14000000
387.867 0.01333333
387.873 0.00453333
388.16 0.00000000
388.197 0.00086667
388.328 0.03000000
388.436 0.03333333
388.476 0.00043333
388.515 0.00260000
388.551 0.04333333
388.592 0.00040667
388.628 0.25000000
388.705 0.00126667
388.726 0.00042000
388.842 0.00220000
388.851 0.00166667
388.882 0.01666667
388.94 0.00040667
388.992 0.00080000
389.04 0.00160000
389.084 0.02333333
389.13 0.00040000
389.17 0.00030667
389.193 0.04000000
389.289 0.00200000
389.298 0.00040667
389.331 0.00193333
389.339 0.04000000
389.391 0.00386667
389.401 0.00313333
389.543 0.00080000
389.55 0.00011333
389.566 0.15000000
389.717 0.00037333
389.745 0.00373333
389.789 0.03666667
389.801 0.03000000
389.903 0.00666667
389.971 0.19000000
390.052 0.02333333
390.295 0.19000000
390.35 0.00000000
390.39 0.03666667
390.421 0.00037333
390.501 0.00037333
390.562 0.00038000
390.604 0.00073333
390.648 0.11000000
390.653 0.00032000
390.675 0.00380000
390.746 0.00566667
390.793 0.03666667
390.884 0.00057333
390.966 0.00666667
390.983 0.01666667
391.084 0.01000000
391.1 0.00226667
391.15 0.00038000
391.282 0.00000000
391.363 0.03666667
391.427 0.00553333
391.448 0.00001733
391.673 0.03666667
391.718 0.05333333
391.764 0.00036000
391.831 0.00160000
391.832 0.00666667
391.842 0.00533333
391.864 0.02000000
391.907 0.00533333
392.026 0.17000000
392.084 0.00246667
392.127 0.00066667
392.195 0.00034667
392.21 0.00034667
392.247 0.00034000
392.291 0.20000000
392.38 0.00066667
392.52 0.00500000
392.564 0.02666667
392.594 0.01666667
392.601 0.00133333
392.775 0.00026667
392.792 0.16000000
392.808 0.00486667
392.89 0.00032000
392.912 0.00320000
392.921 0.00480000
393.03 0.19000000
393.112 0.01000000
393.15 0.00031333
393.224 0.00093333
393.263 0.02333333
393.271 0.00030667
393.349 0.00030667
393.36 0.06000000
393.531 0.01333333
393.581 0.03000000
393.586 0.00014667
393.594 0.00060667
393.653 0.00030000
393.733 0.02333333
393.78 0.00030000
393.829 0.00001267
393.897 0.00120000
394.088 0.04333333
394.118 0.00018000
394.128 0.01666667
394.227 0.00000000
394.236 0.00040667
394.244 0.03000000
394.304 0.00028000
394.334 0.01000000
394.358 0.00056000
394.474 0.00113333
394.489 0.00413333
394.498 0.00027333
394.508 0.00007333
394.512 0.00666667
394.521 0.00027333
394.699 0.01333333
394.705 0.00011333
394.738 0.00026667
394.753 0.02000000
394.81 0.03333333
394.828 0.00010000
394.877 0.04000000
394.914 0.00106667
394.927 0.00026000
394.928 0.00004200
394.995 0.04000000
395.014 0.00031333
395.116 0.04000000
395.15 0.00001533
395.26 0.02000000
395.27 0.00200000
395.315 0.02000000
395.381 0.00016667
395.386 0.00200000
395.433 0.00580000
395.471 0.00049333
395.515 0.00009333
395.534 0.00613333
395.567 0.00001600
395.596 0.00240000
395.646 0.02333333
395.668 0.03666667
395.702 0.01333333
395.913 0.00000000
396.028 0.00666667
396.114 0.00566667
396.235 0.00160000
396.31 0.02666667
396.334 0.00022000
396.343 0.00004800
396.396 0.00000000
396.452 0.01666667
396.551 0.00213333
396.592 0.00008000
396.606 0.02000000
396.65 0.00086667
396.681 0.01666667
396.742 0.02666667
396.796 0.01333333
396.872 0.00093333
396.926 0.13000000
396.949 0.00050000
396.963 0.00002533
396.963 0.00106667
397.0 0.00022000
397.026 0.00106667
397.039 0.01000000
397.051 0.00007333
397.09 0.00022000
397.113 0.00016667
397.128 0.00022000
397.132 0.04333333
397.175 0.00044667
397.265 0.00000000
397.292 0.00009333
397.365 0.01000000
397.416 0.00002333
397.438 0.00013333
397.439 0.00233333
397.455 0.00023333
397.476 0.00186667
397.521 0.00093333
397.584 0.00193333
397.638 0.00073333
397.655 0.00048000
397.661 0.01000000
397.686 0.00666667
397.695 0.00008000
397.774 0.07000000
397.841 0.00022000
397.846 0.00146667
397.942 0.00039333
397.978 0.00153333
398.009 0.00015333
398.053 0.00025333
398.089 0.00000000
398.177 0.04000000
398.232 0.00026000
398.38 0.00000000
398.396 0.05333333
398.425 0.00002267
398.481 0.00004467
398.493 0.00053333
398.532 0.00012000
398.539 0.03333333
398.607 0.00000000
398.617 0.03333333
398.68 0.00027333
398.986 0.01000000
399.037 0.02000000
399.203 0.00028667
399.315 0.00058667
399.362 0.00030000
399.411 0.00666667
399.462 0.00029333
399.52 0.00300000
399.561 0.00000000
399.586 0.00012000
399.598 0.01666667
399.683 0.00002467
399.696 0.01333333
399.739 0.09000000
399.748 0.00041333
399.805 0.04666667
399.91 0.00004067
399.979 0.00040000
399.988 0.00040000
400.025 0.00253333
400.046 0.01000000
400.06 0.00031333
400.077 0.00031333
400.08 0.00001333
400.115 0.00005133
400.166 0.02666667
400.237 0.00011333
400.266 0.00064000
400.291 0.00001400
400.3 0.00001133
400.323 0.00080000
400.354 0.00010000
400.376 0.02666667
400.483 0.00326667
400.498 0.00051333
400.502 0.00019333
400.524 0.08000000
400.539 0.00016667
400.548 0.00034000
400.561 0.00001600
400.616 0.00009333
400.631 0.02000000
400.639 0.00001867
400.662 0.00666667
400.692 0.00233333
400.727 0.02666667
400.809 0.00000000
400.831 0.00034000
400.877 0.00166667
400.954 0.00005200
400.971 0.04000000
401.018 0.00007333
401.027 0.00034667
401.075 0.00028000
401.084 0.00066667
401.131 0.00001067
401.141 0.00173333
401.171 0.00066667
401.215 0.00018000
401.274 0.00001200
401.364 0.00280000
401.378 0.03000000
401.382 0.07000000
401.42 0.00001400
401.426 0.00106667
401.453 0.07000000
401.456 0.00035333
401.488 0.00009333
401.561 0.00025333
401.642 0.00540000
401.649 0.00003200
401.708 0.00180000
401.715 0.03000000
401.827 0.02000000
401.904 0.00008000
402.048 0.00073333
402.089 0.00001133
402.16 0.00073333
402.172 0.00000000
402.187 0.08000000
402.221 0.00010667
402.233 0.00012667
402.274 0.00113333
402.41 0.00320000
402.455 0.00014667
402.472 0.05000000
402.5 0.00005200
402.566 0.00002267
402.62 0.00044667
402.658 0.00000000
402.867 0.00100000
402.963 0.04000000
403.018 0.01000000
403.036 0.00003600
403.049 0.06333333
403.089 0.00030667
403.124 0.00005667
403.124 0.00106667
403.143 0.00001467
403.173 0.00021333
403.196 0.04333333
403.246 0.00220000
403.263 0.04333333
403.319 0.00063333
403.542 0.00133333
403.559 0.00022000
403.581 0.00003533
403.637 0.00026667
403.748 0.00009333
403.879 0.00126667
403.915 0.00018000
403.994 0.00126667
404.064 0.01333333
404.127 0.00320000
404.165 0.00013333
404.186 0.00002067
404.273 0.00001067
404.388 0.00063333
404.39 0.01666667
404.398 0.00040667
404.449 0.00010000
404.454 0.00023333
404.461 0.04333333
404.559 0.00200000
404.581 0.25000000
404.606 0.00093333
404.647 0.00062000
404.687 0.00000000
404.73 0.00186667
404.933 0.00586667
405.067 0.00286667
405.191 0.00553333
405.201 0.00034000
405.23 0.00106667
405.244 0.00037333
405.25 0.00006667
405.251 0.00040667
405.265 0.00160000
405.272 0.00021333
405.311 0.00320000
405.418 0.00100000
405.472 0.00004733
405.481 0.01333333
405.487 0.01333333
405.504 0.02000000
405.634 0.00008000
405.662 0.00000000
405.734 0.01000000
405.75 0.00008000
405.822 0.03666667
405.848 0.00001667
405.875 0.01666667
405.971 0.00640000
406.001 0.00004667
406.072 0.00001600
406.11 0.00120000
406.173 0.00018000
406.195 0.00120000
406.244 0.04666667
406.328 0.00386667
406.342 0.00014000
406.359 0.16000000
406.445 0.00080000
406.538 0.00606667
406.598 0.00086667
406.631 0.00001200
406.658 0.01666667
406.697 0.04333333
406.727 0.03333333
406.749 0.00006667
406.798 0.06333333
406.907 0.00009333
406.921 0.00018000
406.961 0.00000000
407.077 0.02333333
407.14 0.00006333
407.152 0.00206667
407.174 0.14000000
407.227 0.00001400
407.25 0.00093333
407.376 0.03666667
407.479 0.04000000
407.581 0.00000000
407.594 0.00246667
407.622 0.00100000
407.649 0.00100000
407.663 0.04000000
407.68 0.00406667
407.688 0.00010667
407.82 0.00052000
407.835 0.04333333
407.917 0.00030000
407.93 0.00008667
407.966 0.00054000
407.984 0.04333333
408.021 0.03333333
408.088 0.00273333
408.1 0.00173333
408.127 0.00008667
408.151 0.00005000
408.198 0.00005133
408.211 0.00573333
408.242 0.00020667
408.247 0.00046000
408.276 0.00005267
408.355 0.00600000
408.376 0.01000000
408.449 0.07000000
408.5 0.05000000
408.525 0.00026000
408.53 0.06333333
408.598 0.00126667
408.636 0.00001333
408.709 0.03333333
408.728 0.00066000
408.82 0.00003400
408.856 0.00473333
408.922 0.00666667
408.993 0.00036667
409.007 0.00140000
409.043 0.00008667
409.095 0.00040000
409.099 0.00042667
409.155 0.00553333
409.178 0.00004067
409.228 0.00413333
409.234 0.00086667
409.251 0.00023333
409.263 0.00025333
409.305 0.00016667
409.322 0.00056667
409.33 0.00001667
409.362 0.00003867
409.436 0.00018000
409.5 0.00010000
409.526 0.00036667
409.536 0.00024000
409.587 0.00036000
409.597 0.05666667
409.611 0.00054667
409.618 0.00006000
409.621 0.00033333
409.654 0.00016000
409.666 0.00066667
409.669 0.00007333
409.695 0.00140000
409.702 0.00010000
409.708 0.00273333
409.758 0.00080000
409.792 0.00003600
409.818 0.07000000
410.035 0.00666667
410.048 0.00051333
410.074 0.05333333
410.096 0.00014667
410.126 0.02666667
410.165 0.00016000
410.169 0.00340000
410.304 0.00100000
410.351 0.00005733
410.361 0.00006133
410.411 0.06666667
410.415 0.00040000
410.446 0.00014000
410.494 0.00266667
410.536 0.00001600
410.547 0.00015333
410.626 0.00393333
410.642 0.00653333
410.749 0.08000000
410.813 0.00010667
410.906 0.00666667
410.909 0.00003867
410.98 0.08000000
411.232 0.00366667
411.291 0.00008667
411.296 0.04333333
411.444 0.04666667
411.454 0.00012667
411.494 0.00580000
411.514 0.00008667
411.785 0.00326667
411.84 0.00060000
411.854 0.11000000
411.872 0.00093333
411.887 0.00062000
411.889 0.00106667
411.936 0.00106667
411.986 0.00093333
412.021 0.04333333
412.09 0.00193333
412.135 0.00046000
412.18 0.05000000
412.202 0.00193333
412.252 0.03666667
412.264 0.00007333
412.278 0.00186667
412.3 0.00004800
412.328 0.00050667
412.373 0.04000000
412.377 0.00051333
412.44 0.00001267
412.449 0.00005333
412.479 0.00001400
412.562 0.04000000
412.588 0.01333333
412.618 0.03666667
412.652 0.00018000
412.685 0.00373333
412.7 0.00016667
412.761 0.04666667
412.778 0.00033333
412.781 0.01000000
412.874 0.00086667
412.946 0.00011333
412.985 0.00000000
413.004 0.01000000
413.194 0.00019333
413.197 0.00016667
413.206 0.13000000
413.253 0.00021333
413.29 0.00580000
413.386 0.02000000
413.427 0.00038000
413.434 0.00086667
413.442 0.00426667
413.468 0.06333333
413.582 0.00006667
413.62 0.00042000
413.652 0.00030667
413.7 0.04333333
413.713 0.00050000
413.776 0.00373333
413.935 0.00226667
413.993 0.01666667
414.04 0.00032667
414.048 0.00093333
414.186 0.00620000
414.216 0.00008667
414.259 0.00004067
414.259 0.00023333
414.264 0.00026667
414.32 0.00041333
414.341 0.08000000
414.35 0.00080000
414.387 0.17000000
414.42 0.00041333
414.52 0.00024000
414.564 0.00153333
414.606 0.00626667
414.697 0.00003600
414.717 0.00009333
414.734 0.00016000
414.767 0.08000000
414.832 0.00008667
414.875 0.00018667
414.88 0.00000000
414.936 0.04333333
414.976 0.00014667
415.025 0.00080000
415.025 0.02333333
415.045 0.00005200
415.162 0.00000000
415.176 0.00004533
415.194 0.00200000
415.216 0.00032000
415.217 0.03666667
415.234 0.00050667
415.339 0.00052667
415.372 0.00053333
415.374 0.00000000
415.39 0.06333333
415.41 0.00160000
415.45 0.05333333
415.481 0.05666667
415.496 0.00146667
415.534 0.00009333
415.645 0.00014667
415.667 0.00120000
415.68 0.06000000
415.711 0.00005067
415.778 0.09000000
415.874 0.00003267
415.879 0.06333333
415.984 0.00008667
416.055 0.00020000
416.108 0.00666667
416.135 0.00054667
416.148 0.01000000
416.259 0.00009333
416.289 0.00010000
416.321 0.00009333
416.335 0.00026000
416.368 0.01000000
416.423 0.00000000
416.473 0.01333333
416.478 0.00066667
416.492 0.00153333
416.536 0.00015333
416.542 0.01000000
416.553 0.00001600
416.684 0.00393333
416.707 0.00003067
416.729 0.00001267
416.757 0.00001267
416.786 0.00620000
416.795 0.00666667
416.845 0.00058667
416.861 0.00022667
416.894 0.00666667
416.897 0.00002067
416.966 0.00010667
416.976 0.00240000
417.058 0.00016667
417.09 0.06333333
417.104 0.00133333
417.169 0.00653333
417.19 0.00126667
417.204 0.00273333
417.212 0.06666667
417.257 0.00014000
417.264 0.00246667
417.274 0.05000000
417.286 0.00001400
417.296 0.00018667
417.318 0.00014000
417.331 0.00019333
417.331 0.02000000
417.345 0.00073333
417.347 0.00660000
417.376 0.00008000
417.392 0.04000000
417.426 0.00533333
417.44 0.00021333
417.481 0.00018000
417.491 0.08000000
417.544 0.00080000
417.564 0.08000000
417.583 0.00003667
417.59 0.00022000
417.6 0.00006467
417.61 0.00003267
417.657 0.08000000
417.686 0.00023333
417.708 0.00014000
417.74 0.00056667
417.759 0.08000000
417.787 0.00233333
417.854 0.00006067
417.885 0.00666667
418.041 0.00028000
418.061 0.00009333
418.082 0.00002467
418.098 0.00073333
418.119 0.00010667
418.12 0.00004800
418.151 0.00003333
418.155 0.00056667
418.175 0.15000000
418.197 0.00006067
418.227 0.00001933
418.238 0.06000000
418.276 0.00049333
418.301 0.00015333
418.401 0.00086667
418.416 0.00023333
418.426 0.00004667
418.482 0.00002067
418.489 0.08000000
418.498 0.00036667
418.704 0.20000000
418.759 0.00240000
418.78 0.16000000
418.833 0.00022000
418.873 0.00180000
418.89 0.00022667
418.898 0.00000000
418.911 0.00180000
418.956 0.00246667
419.001 0.00005267
419.143 0.16000000
419.168 0.01666667
419.36 0.00006533
419.395 0.00066667
419.411 0.00073333
419.449 0.00008667
419.47 0.00022000
419.533 0.12000000
419.547 0.00012667
419.562 0.02000000
419.621 0.08000000
419.653 0.00240000
419.667 0.00093333
419.71 0.00050000
419.824 0.00080000
419.825 0.01000000
419.83 0.20000000
419.835 0.00001467
419.853 0.00022000
419.863 0.00340000
419.91 0.14000000
419.936 0.00016000
419.948 0.00016667
419.998 0.00133333
420.052 0.00007333
420.078 0.00007333
420.092 0.06333333
420.203 0.31000000
420.233 0.00001667
420.275 0.00666667
420.299 0.00001733
420.357 0.00666667
420.383 0.00040667
420.394 0.00246667
420.398 0.15000000
420.451 0.00064667
420.485 0.00000000
420.515 0.00001333
420.554 0.04000000
420.559 0.00012000
420.591 0.00022000
420.66 0.00073333
420.67 0.10000000
420.706 0.00002800
420.713 0.06000000
420.775 0.00002200
420.786 0.00001600
420.816 0.00002733
420.86 0.07000000
420.888 0.00073333
420.941 0.00028000
420.983 0.00004333
421.023 0.00002333
421.034 0.22000000
421.038 0.00326667
421.067 0.00166667
421.307 0.00003400
421.365 0.07000000
421.542 0.04333333
421.548 0.00033333
421.597 0.00146667
421.618 0.15000000
421.657 0.00001533
421.755 0.14000000
421.789 0.00006667
421.822 0.00002200
421.936 0.18000000
421.941 0.00146667
422.005 0.00013333
422.023 0.00008000
422.034 0.05666667
422.221 0.14000000
422.227 0.00166667
422.289 0.00012667
422.323 0.00020667
422.373 0.00023333
422.417 0.00113333
422.417 0.14000000
422.451 0.04000000
422.545 0.05333333
422.571 0.00016667
422.596 0.05333333
422.608 0.00002933
422.634 0.00028000
422.642 0.05333333
422.74 0.00001933
422.743 0.20000000
422.872 0.00005333
422.881 0.00003800
422.929 0.00066667
422.94 0.00008000
422.951 0.00086667
422.975 0.01333333
423.02 0.00001333
423.224 0.00002133
423.273 0.00666667
423.316 0.07000000
423.36 0.19000000
423.393 0.00006467
423.539 0.00010667
423.556 0.00266667
423.582 0.00005800
423.594 0.24000000
423.651 0.00005533
423.707 0.00073333
423.709 0.00406667
423.767 0.00036000
423.802 0.06666667
423.861 0.00038667
423.862 0.00213333
423.881 0.17000000
423.936 0.00093333
423.973 0.02666667
423.985 0.03333333
423.994 0.00054667
424.011 0.00002667
424.037 0.02666667
424.049 0.00004467
424.064 0.00002467
424.067 0.00160000
424.069 0.00040667
424.111 0.00340000
424.26 0.00260000
424.273 0.00120000
424.337 0.01000000
424.341 0.00126667
424.354 0.00022000
424.375 0.00133333
424.382 0.00038000
424.451 0.00011333
424.454 0.00001933
424.526 0.07000000
424.534 0.00113333
424.572 0.00007333
424.601 0.00023333
424.608 0.07000000
424.614 0.00011333
424.623 0.00010000
424.731 0.00153333
424.743 0.17000000
424.787 0.00014000
424.822 0.13000000
424.834 0.00160000
424.84 0.00039333
424.878 0.00106667
424.958 0.00020667
424.972 0.00646667
424.999 0.00002200
425.012 0.21000000
425.019 0.00032000
425.02 0.00042667
425.043 0.00020000
425.079 0.33000000
425.089 0.00056667
425.148 0.00026667
425.15 0.00012667
425.164 0.00006667
425.198 0.00016667
425.277 0.00004733
425.348 0.00038667
425.393 0.00153333
425.494 0.00146667
425.55 0.00373333
425.62 0.00300000
425.627 0.00001800
425.631 0.00019333
425.633 0.00018000
425.681 0.00006667
425.762 0.00001200
425.792 0.00001800
425.816 0.00146667
425.832 0.00326667
425.833 0.04333333
425.861 0.01000000
425.882 0.00031333
425.895 0.00580000
425.917 0.00008667
425.934 0.00018667
425.943 0.00002000
426.0 0.01000000
426.008 0.00028667
426.013 0.00500000
426.031 0.00025333
426.047 0.29000000
426.073 0.00030000
426.14 0.00093333
426.173 0.00005533
426.318 0.00031333
426.339 0.00020000
426.42 0.02333333
426.524 0.00016000
426.527 0.00040667
426.535 0.00001133
426.597 0.00000000
426.65 0.00066667
426.678 0.00015333
426.696 0.04666667
426.739 0.00010667
426.783 0.08000000
426.815 0.00005000
426.875 0.02000000
427.115 0.26000000
427.14 0.00003933
427.176 0.65000000
427.194 0.00002467
427.332 0.00193333
427.341 0.00366667
427.387 0.00640000
427.57 0.00022000
427.668 0.00640000
427.823 0.00041333
427.949 0.00320000
427.987 0.00008000
428.054 0.00030000
428.22 0.00000000
428.24 0.38000000
428.44 0.00036000
428.544 0.08000000
428.582 0.00021333
428.616 0.00586667
428.643 0.00193333
428.686 0.00126667
428.698 0.00640000
428.739 0.00064000
428.794 0.00014667
428.815 0.03333333
428.896 0.00320000
428.978 0.00001267
428.991 0.00026667
429.038 0.02333333
429.06 0.00003200
429.086 0.00009333
429.086 0.01333333
429.146 0.08000000
429.2 0.00002733
429.212 0.00009333
429.216 0.00010667
429.228 0.01000000
429.366 0.00003467
429.38 0.00038000
429.404 0.00026000
429.41 0.00000000
429.412 0.44000000
429.502 0.00012667
429.657 0.00126667
429.685 0.00666667
429.804 0.25000000
429.868 0.00000000
429.924 0.32000000
429.947 0.00014000
429.963 0.00032000
430.021 0.00007333
430.219 0.03333333
430.317 0.01000000
430.454 0.00034667
430.454 0.00106667
430.478 0.01000000
430.513 0.00008667
430.521 0.00024667
430.545 0.06333333
430.658 0.00010000
430.77 0.00014000
430.79 0.64000000
430.831 0.00001933
430.85 0.00003800
430.903 0.02666667
430.937 0.08000000
430.945 0.00024000
431.036 0.01333333
431.037 0.00023333
431.141 0.00002200
431.18 0.00064667
431.197 0.00008667
431.239 0.00000000
431.364 0.00000000
431.508 0.32000000
431.607 0.00002400
431.647 0.00001533
431.705 0.00009333
431.771 0.00001133
431.88 0.00022000
432.048 0.00008667
432.368 0.00042000
432.495 0.00030000
432.517 0.00030667
432.574 0.00073333
432.576 0.66666667
432.594 0.00053333
432.675 0.00666667
432.687 0.00013333
432.71 0.07000000
432.79 0.00057333
433.059 0.00008000
433.095 0.00366667
433.3 0.00002600
433.3 0.00003067
433.322 0.00000000
433.431 0.00012667
433.453 0.00008000
433.631 0.00001067
433.665 0.00003933
433.705 0.30000000
433.732 0.00020667
433.752 0.00008000
433.825 0.00022667
433.831 0.00003267
433.94 0.00021333
434.025 0.00003200
434.049 0.00013333
434.181 0.00007333
434.322 0.00025333
434.327 0.01666667
434.37 0.01000000
434.387 0.00008667
434.442 0.00003400
434.45 0.00026667
434.489 0.00014667
434.655 0.04000000
434.692 0.00002067
434.723 0.00032667
434.783 0.00406667
434.806 0.01666667
434.879 0.00012667
434.894 0.00660000
435.154 0.02666667
435.176 0.02666667
435.257 0.00007333
435.273 0.25000000
435.652 0.00005400
435.757 0.00260000
435.816 0.00006533
435.85 0.06000000
435.868 0.00014667
435.933 0.00086667
435.94 0.00086667
436.08 0.00016000
436.159 0.00002200
436.16 0.00003800
436.564 0.00001467
436.574 0.00004867
436.59 0.00050000
436.738 0.00001133
436.758 0.09000000
436.79 0.06000000
436.94 0.00008000
436.977 0.18000000
437.098 0.00008667
437.134 0.00004467
437.204 0.00173333
437.214 0.00173333
437.231 0.00326667
437.253 0.00666667
437.281 0.01333333
437.298 0.00049333
437.356 0.04666667
437.37 0.00005133
437.449 0.00113333
437.548 0.00026667
437.593 0.47000000
437.599 0.00073333
437.677 0.00660000
437.762 0.00012667
437.779 0.00073333
438.251 0.00010000
438.274 0.00100000
438.277 0.01000000
438.354 1.00000000
438.431 0.00100000
438.467 0.00513333
438.525 0.00024667
438.538 0.01000000
438.616 0.00011333
438.789 0.16000000
438.841 0.13000000
438.924 0.00057333
438.924 0.03666667
439.045 0.00028667
439.075 0.00017333
439.095 0.11000000
439.117 0.00004600
439.186 0.00042000
439.258 0.00019333
439.302 0.00004733
439.309 0.00016667
439.514 0.00002733
439.527 0.08000000
439.55 0.00022667
439.576 0.00053333
439.581 0.00003533
439.791 0.00006000
439.98 0.00001467
440.129 0.04666667
440.144 0.00034000
440.144 0.00546667
440.205 0.00002200
440.288 0.00008000
440.415 0.00005067
440.475 0.66666667
440.502 0.00086667
440.667 0.00004133
440.723 0.00022000
440.766 0.00014000
440.771 0.07000000
440.841 0.10000000
440.912 0.00047333
440.952 0.00042000
441.36 0.00002267
441.378 0.00106667
441.493 0.00024667
441.512 0.66666667
441.627 0.00120000
441.634 0.00003133
441.682 0.01000000
441.842 0.00023333
441.96 0.01000000
442.099 0.00002667
442.257 0.37000000
442.314 0.00062000
442.384 0.00093333
442.391 0.00002400
442.403 0.00002600
442.407 0.00026000
442.419 0.00054667
442.56 0.00016667
442.566 0.00046000
442.575 0.00020667
442.73 0.00113333
442.731 0.56000000
442.857 0.00022000
442.919 0.00036000
443.019 0.01000000
443.044 0.00008000
443.061 0.21000000
443.102 0.00027333
443.245 0.00100000
443.257 0.00500000
443.29 0.00100000
443.322 0.15000000
443.378 0.03000000
443.515 0.07000000
443.527 0.00005067
443.647 0.00002533
443.692 0.01333333
443.834 0.01000000
443.963 0.00019333
443.988 0.00520000
444.043 0.00020667
444.048 0.00012667
444.082 0.00008667
444.097 0.00003400
444.141 0.00000000
444.155 0.00006000
444.234 0.33000000
444.26 0.00001467
444.283 0.00153333
444.3 0.00080000
444.319 0.16000000
444.333 0.00001267
444.526 0.00006667
444.547 0.00032667
444.644 0.00002267
444.683 0.00666667
444.69 0.00008000
444.713 0.00133333
444.75 0.00004400
444.772 0.15000000
444.781 0.00012000
444.781 0.00008667
444.781 0.00001133
444.853 0.00016000
444.888 0.00120000
444.961 0.00004267
445.032 0.01000000
445.077 0.00005000
445.154 0.00273333
445.197 0.00004867
445.21 0.00066667
445.261 0.00015333
445.28 0.00014667
445.438 0.13000000
445.467 0.00014000
445.503 0.01333333
445.633 0.00080000
445.645 0.00001800
445.663 0.00016000
445.795 0.00073333
445.808 0.02333333
445.858 0.00073333
445.91 0.00073333
445.912 0.30000000
445.935 0.00051333
445.968 0.00002733
446.089 0.00004400
446.12 0.00393333
446.137 0.00029333
446.165 0.24000000
446.171 0.00010000
446.197 0.00153333
446.22 0.00021333
446.313 0.00002600
446.341 0.00017333
446.469 0.00022667
446.477 0.03000000
446.655 0.43000000
446.694 0.00600000
446.938 0.18000000
446.959 0.00006533
447.03 0.00086667
447.111 0.00003733
447.168 0.00012667
447.271 0.01000000
447.292 0.00005667
447.49 0.00093333
447.553 0.00002000
447.602 0.45000000
447.608 0.00666667
447.736 0.00000000
447.802 0.00015333
447.96 0.01333333
447.98 0.00000000
447.996 0.00052000
448.014 0.01000000
448.027 0.00018667
448.161 0.00073333
448.165 0.00004467
448.217 0.15000000
448.225 0.15000000
448.25 0.00002200
448.274 0.02000000
448.378 0.00014000
448.422 0.13000000
448.568 0.05333333
448.597 0.00017333
448.774 0.00013333
448.808 0.00002133
448.813 0.00666667
448.875 0.00113333
448.891 0.00346667
448.919 0.00233333
448.974 0.12000000
449.008 0.04666667
449.076 0.04666667
449.081 0.00020000
449.14 0.00240000
449.264 0.00120000
449.268 0.00013333
449.337 0.00016000
449.352 0.00016000
449.406 0.00023333
449.446 0.00029333
449.456 0.49000000
449.457 0.00120000
449.557 0.00021333
449.569 0.00002667
449.595 0.01000000
449.853 0.00008000
449.871 0.00006467
450.063 0.00018000
450.127 0.00004067
450.168 0.00001867
450.259 0.00080000
450.26 0.00373333
450.393 0.00000000
450.483 0.00666667
450.721 0.00009333
450.763 0.00008667
450.828 0.04666667
450.961 0.00113333
450.973 0.00018667
451.063 0.00113333
451.082 0.00008000
451.142 0.00001467
451.418 0.00086667
451.45 0.00026000
451.456 0.00008000
451.49 0.00100000
451.517 0.00008667
451.525 0.00000000
451.533 0.01000000
451.752 0.02666667
451.843 0.00015333
451.858 0.00017333
452.022 0.03333333
452.263 0.05000000
452.34 0.00020000
452.391 0.00000000
452.514 0.08000000
452.586 0.00004867
452.602 0.00001067
452.64 0.00666667
452.656 0.00037333
452.659 0.00040000
452.778 0.00016000
452.838 0.00080000
452.848 0.00010667
452.861 0.46000000
452.876 0.00054667
452.882 0.00015333
452.955 0.00453333
452.968 0.00666667
452.975 0.00002533
453.115 0.09000000
453.163 0.00580000
453.301 0.00073333
453.396 0.00004400
453.417 0.00213333
453.569 0.00001133
453.649 0.00004933
453.654 0.00000000
453.767 0.00017333
453.884 0.00012667
454.067 0.00010667
454.131 0.00007333
454.152 0.00146667
454.194 0.00008667
454.198 0.00000000
454.241 0.00226667
454.27 0.00012000
454.702 0.00546667
454.785 0.16000000
454.812 0.00005467
454.92 0.00011333
454.926 0.00006667
454.947 0.00106667
454.947 0.08000000
455.064 0.03666667
455.165 0.00015333
455.254 0.00666667
455.445 0.00014000
455.589 0.01000000
455.613 0.12000000
455.692 0.00005533
455.794 0.00000000
455.811 0.00016667
456.009 0.01666667
456.141 0.00010000
456.47 0.00019333
456.482 0.00024667
456.531 0.00553333
456.541 0.00009333
456.566 0.00666667
456.651 0.00473333
456.687 0.00012667
456.699 0.00006667
456.86 0.00004000
456.876 0.01000000
456.884 0.00028000
456.906 0.00106667
456.972 0.00010000
457.034 0.00006133
457.144 0.00008000
457.334 0.00001067
457.422 0.00032667
457.472 0.01333333
457.578 0.00028000
457.633 0.00313333
457.652 0.00008000
457.748 0.00001267
457.907 0.00002000
457.933 0.00021333
458.046 0.00002933
458.058 0.00586667
458.119 0.00005800
458.127 0.00008000
458.151 0.05666667
458.284 0.00093333
458.294 0.00005533
458.372 0.00010000
458.383 0.13000000
458.472 0.00025333
458.482 0.00666667
458.53 0.00086667
458.534 0.00002667
458.623 0.00016000
458.699 0.00006267
458.713 0.01000000
458.772 0.00008000
459.079 0.00013333
459.265 0.18000000
459.352 0.00010667
459.521 0.00019333
459.536 0.01333333
459.587 0.00010667
459.601 0.00016667
459.606 0.01000000
459.642 0.00011333
459.657 0.00016000
459.725 0.00004800
459.738 0.00012667
459.787 0.00018667
459.812 0.05000000
459.836 0.00100000
459.837 0.00004867
459.849 0.00012000
459.874 0.00006667
459.974 0.00007333
459.984 0.00043333
460.093 0.00037333
460.2 0.02000000
460.294 0.30000000
460.334 0.00009333
460.395 0.00010000
460.456 0.00028000
460.485 0.00012000
460.559 0.00020667
460.713 0.00100000
460.765 0.05000000
461.106 0.00009333
461.118 0.00014667
461.128 0.21000000
461.32 0.03000000
461.421 0.00014667
461.556 0.00014000
461.876 0.01000000
461.916 0.00100000
461.929 0.10000000
461.967 0.00100000
462.051 0.00005800
462.504 0.09000000
462.755 0.00020000
462.878 0.00004067
462.933 0.00633333
463.012 0.00666667
463.228 0.00073333
463.282 0.00022667
463.291 0.05000000
463.376 0.00001333
463.376 0.00006067
463.471 0.00008667
463.532 0.00133333
463.562 0.00005933
463.585 0.00666667
463.667 0.00007333
463.75 0.06333333
463.801 0.05000000
463.966 0.00014000
463.967 0.00062667
464.08 0.00001800
464.346 0.02000000
464.411 0.00000000
464.682 0.00004800
464.718 0.00012000
464.743 0.08000000
464.898 0.00009333
464.982 0.00016000
465.349 0.00006333
465.45 0.01333333
465.46 0.00140000
465.463 0.00660000
465.646 0.00013333
465.698 0.00003200
465.758 0.00013333
465.81 0.00066667
465.829 0.00010000
466.043 0.00008667
466.132 0.00002333
466.153 0.00140000
466.188 0.00011333
466.197 0.00620000
466.203 0.00000000
466.318 0.00014667
466.445 0.00066667
466.472 0.00008000
466.611 0.00007333
466.674 0.00004467
466.703 0.00073333
466.745 0.11000000
466.806 0.00028000
466.813 0.09000000
466.917 0.01000000
467.017 0.00001200
467.141 0.00004533
467.283 0.00008000
467.316 0.01333333
467.327 0.00017333
467.465 0.00009333
467.51 0.00011333
467.759 0.00006133
467.885 0.11000000
467.922 0.00024000
468.029 0.00660000
468.047 0.00014000
468.055 0.00010000
468.206 0.00000000
468.211 0.00019333
468.256 0.00010667
468.356 0.00440000
468.46 0.00005200
468.502 0.00013333
468.639 0.00002733
468.73 0.00015333
468.739 0.00050667
468.767 0.00005467
468.818 0.00020667
468.949 0.00073333
469.014 0.00012667
469.014 0.00506667
469.037 0.00010667
469.141 0.05666667
469.486 0.00014667
469.492 0.00014000
469.637 0.00001133
469.824 0.00073333
470.016 0.00093333
470.104 0.00146667
470.162 0.00073333
470.26 0.00004667
470.291 0.00012000
470.44 0.00003133
470.495 0.00666667
470.546 0.00153333
470.63 0.00008000
470.727 0.08000000
470.749 0.00240000
470.897 0.04000000
470.909 0.01666667
470.916 0.00002867
471.028 0.01666667
471.211 0.00021333
471.236 0.00018667
471.407 0.04333333
471.412 0.00003200
471.419 0.00038667
471.436 0.00020667
471.684 0.00010667
472.014 0.00093333
472.1 0.00166667
472.531 0.00007333
472.593 0.00012667
472.614 0.00022000
472.726 0.00004733
472.739 0.01000000
472.807 0.00106667
472.816 0.00027333
472.855 0.02000000
472.902 0.00106667
472.968 0.02666667
473.104 0.00016000
473.144 0.00533333
473.293 0.00000000
473.359 0.01666667
473.393 0.00106667
473.41 0.00035333
473.584 0.01000000
473.677 0.13000000
473.737 0.00002267
473.759 0.00004000
473.764 0.00058000
474.034 0.00080000
474.041 0.00000000
474.107 0.00032000
474.153 0.01000000
474.254 0.00001467
474.294 0.00005600
474.32 0.00018000
474.494 0.00006667
474.513 0.00004600
474.58 0.00666667
474.995 0.00019333
475.108 0.00016000
475.272 0.00001333
475.404 0.00028000
475.483 0.00080000
475.612 0.00002200
475.758 0.00240000
476.679 0.00016000
476.687 0.00020667
476.832 0.00480000
476.84 0.00240000
476.87 0.00018000
476.96 0.00080000
477.17 0.00022667
477.206 0.00073333
477.22 0.00073333
477.28 0.00058000
477.283 0.00666667
477.315 0.00008000
477.397 0.00012667
477.607 0.00019333
477.638 0.00010667
477.648 0.00003067
477.788 0.00063333
477.944 0.00038000
478.001 0.00001400
478.596 0.00016667
478.681 0.08000000
478.744 0.00003133
478.783 0.00023333
478.846 0.00000000
478.876 0.02333333
478.92 0.00058000
478.965 0.06000000
479.074 0.00005333
479.125 0.12000000
479.253 0.00012000
479.396 0.00010667
479.704 0.00006200
479.773 0.00003000
479.826 0.00044667
479.828 0.00080000
479.873 0.00003800
479.873 0.00016667
479.941 0.00036667
480.013 0.00010000
480.013 0.00006667
480.055 0.00012000
480.065 0.01333333
480.288 0.00166667
480.306 0.00002667
480.452 0.00027333
480.771 0.00093333
480.806 0.00008000
480.815 0.00029333
480.868 0.00022667
480.914 0.00016667
480.994 0.00020000
481.049 0.00003667
481.079 0.00003400
481.103 0.00008000
481.311 0.00005400
481.437 0.00009333
481.523 0.00003133
481.524 0.00016000
481.619 0.00013333
481.778 0.00023333
481.903 0.00010000
482.083 0.00048000
482.163 0.00003733
482.417 0.00066667
482.486 0.00004200
482.607 0.00005933
482.614 0.00014000
482.668 0.00086667
482.911 0.00012000
483.12 0.00153333
483.12 0.00080000
483.273 0.00666667
483.319 0.00146667
483.451 0.00052000
483.587 0.00326667
483.788 0.00120000
483.808 0.00030000
483.851 0.00273333
483.855 0.00027333
483.954 0.01000000
483.977 0.00057333
483.999 0.00186667
484.032 0.00186667
484.09 0.00039333
484.178 0.00080000
484.271 0.00025333
484.279 0.00160000
484.314 0.00666667
484.33 0.00460000
484.335 0.00186667
484.401 0.00373333
484.565 0.00553333
484.759 0.00180000
484.8 0.00073333
484.888 0.00066667
484.967 0.00024667
485.567 0.01333333
485.615 0.00012667
485.824 0.00021333
485.903 0.00030000
485.912 0.00093333
485.974 0.27000000
486.068 0.00206667
486.098 0.00140000
486.26 0.00066667
486.364 0.00360000
486.378 0.00020667
486.596 0.00173333
486.62 0.00100000
486.795 0.00166667
486.816 0.00166667
486.837 0.00026667
486.843 0.00026667
486.901 0.00166667
486.923 0.00166667
486.946 0.00093333
486.997 0.00024000
487.004 0.00039333
487.132 0.35000000
487.193 0.00246667
487.214 0.18000000
487.291 0.00042000
487.321 0.00056667
487.375 0.00053333
487.435 0.00093333
487.503 0.00073333
487.588 0.00553333
487.619 0.00035333
487.761 0.00073333
487.821 0.15000000
488.053 0.00034000
488.087 0.00146667
488.111 0.00186667
488.172 0.00566667
488.214 0.00586667
488.318 0.00023333
488.329 0.00100000
488.393 0.00003533
488.543 0.00373333
488.633 0.01000000
488.657 0.00186667
488.719 0.00286667
488.736 0.00025333
488.826 0.00226667
488.863 0.00180000
488.864 0.00366667
488.9 0.27000000
488.91 0.00273333
488.962 0.00180000
489.075 0.18000000
489.105 0.00037333
489.114 0.00011333
489.149 0.12000000
489.286 0.00120000
489.337 0.00173333
489.378 0.00003667
489.644 0.00004333
489.644 0.00047333
489.997 0.00146667
490.105 0.00020000
490.216 0.00014667
490.307 0.00133333
490.328 0.00133333
490.331 0.66666667
490.513 0.00034000
490.522 0.01333333
490.656 0.00120000
490.684 0.00003400
490.773 0.02666667
490.803 0.00035333
490.815 0.00073333
490.86 0.00007333
490.938 0.05333333
491.002 0.10000000
491.033 0.01666667
491.056 0.01666667
491.153 0.00018000
491.178 0.01000000
491.196 0.00006667
491.25 0.00008667
491.314 0.00013333
491.318 0.00008667
491.33 0.00226667
491.626 0.00080000
491.723 0.00226667
491.797 0.00073333
491.801 0.00126667
491.895 0.00213333
491.899 0.21000000
492.05 0.33000000
492.219 0.00019333
492.315 0.00016667
492.392 0.03000000
492.43 0.00007333
492.477 0.05666667
492.528 0.56000000
492.652 0.00001533
492.742 0.02666667
492.749 0.00003533
492.755 0.00003467
492.787 0.01000000
492.967 0.00000000
493.032 0.01333333
493.066 0.00052667
493.319 0.00022667
493.329 0.00013333
493.334 0.03000000
493.387 0.00030667
493.4 0.02333333
493.408 0.00016000
493.537 0.00001933
493.704 0.00019333
493.707 0.00007333
493.73 0.00007333
493.817 0.08000000
493.881 0.24000000
493.924 0.00666667
493.969 0.13000000
494.217 0.00008000
494.246 0.00100000
494.248 0.00100000
494.259 0.00015333
494.295 0.00100000
494.37 0.00053333
494.506 0.00004133
494.564 0.00066667
494.639 0.04666667
494.69 0.00012667
494.809 0.00093333
494.879 0.00193333
494.9 0.00133333
495.011 0.01333333
495.158 0.00366667
495.265 0.00666667
495.509 0.00004867
495.636 0.00166667
495.73 0.17000000
495.76 0.51000000
495.768 0.00426667
495.823 0.00166667
495.882 0.00080000
495.92 0.00005800
495.956 0.00013333
496.118 0.00166667
496.191 0.00326667
496.257 0.01666667
496.578 0.00011333
496.579 0.00153333
496.609 0.46000000
496.629 0.00007333
496.714 0.00153333
496.79 0.00460000
496.839 0.00024000
496.87 0.00440000
496.936 0.00032667
496.992 0.07000000
497.05 0.02666667
497.065 0.00038000
497.122 0.00024667
497.134 0.00018667
497.171 0.00133333
497.247 0.00133333
497.31 0.13000000
497.421 0.00017333
497.541 0.00018667
497.703 0.00160000
497.765 0.00020000
497.792 0.00026667
497.811 0.00010667
497.86 0.08000000
497.869 0.00008667
497.931 0.00001733
497.959 0.00017333
498.028 0.00010000
498.054 0.00003667
498.107 0.00007333
498.25 0.16000000
498.325 0.08000000
498.334 0.00005800
498.385 0.15000000
498.449 0.00113333
498.457 0.00008667
498.525 0.07000000
498.555 0.07000000
498.598 0.00009333
498.622 0.00040667
498.69 0.00004333
498.725 0.00066667
498.727 0.00010000
498.855 0.00064667
498.895 0.06333333
499.051 0.00300000
499.127 0.04666667
499.144 0.00022000
499.18 0.00002067
499.187 0.00002400
499.278 0.00001267
499.335 0.00002467
499.368 0.00018000
499.375 0.00011333
499.413 0.10000000
499.541 0.00006267
499.655 0.00000000
499.796 0.16000000
499.801 0.00052000
499.911 0.00213333
499.918 0.00022667
500.021 0.00003733
500.073 0.00054000
500.156 0.00003600
500.186 0.17000000
500.195 0.00666667
500.218 0.00000000
500.239 0.00001667
500.258 0.00005000
500.279 0.01000000
500.404 0.00031333
500.41 0.00057333
500.419 0.00346667
500.434 0.00007333
500.477 0.05666667
500.571 0.12000000
500.612 0.17000000
500.663 0.00058000
500.684 0.00120000
500.727 0.01333333
500.745 0.00080000
500.773 0.00113333
500.781 0.00002333
500.864 0.00012667
500.898 0.00058000
500.907 0.00006667
501.006 0.00393333
501.103 0.02666667
501.121 0.00006533
501.132 0.00273333
501.176 0.00004933
501.198 0.00005133
501.207 0.16000000
501.216 0.00093333
501.269 0.00032000
501.494 0.26000000
501.575 0.00093333
501.648 0.00006067
501.844 0.04333333
501.973 0.00008000
502.001 0.00012667
502.082 0.00008667
502.159 0.00073333
502.159 0.00073333
502.168 0.00011333
502.224 0.08000000
502.242 0.00066667
502.279 0.00066667
502.279 0.00073333
502.319 0.00019333
502.35 0.17000000
502.391 0.00003667
502.479 0.00018667
502.508 0.00001067
502.53 0.00006000
502.68 0.00049333
502.694 0.00001333
502.712 0.03333333
502.723 0.03333333
502.734 0.00012000
502.776 0.00042000
502.813 0.06000000
502.909 0.00013333
502.962 0.00073333
503.063 0.00213333
503.078 0.08000000
503.104 0.00010667
503.189 0.00025333
503.191 0.00010667
503.245 0.00062000
503.27 0.00126667
503.359 0.00063333
503.392 0.00005867
503.4 0.00009333
503.452 0.00001467
503.477 0.00003933
503.57 0.00466667
503.671 0.00027333
503.692 0.00009333
503.925 0.07000000
503.97 0.00000000
504.024 0.00005600
504.075 0.00024667
504.085 0.00060000
504.091 0.00200000
504.107 0.09000000
504.135 0.00014667
504.145 0.00006467
504.176 0.21000000
504.185 0.00004867
504.326 0.00073333
504.421 0.01666667
504.511 0.00073333
504.579 0.00001400
504.636 0.00010000
504.763 0.00093333
504.844 0.00153333
504.844 0.03666667
504.982 0.31000000
505.163 0.15000000
505.21 0.00080000
505.298 0.00032000
505.392 0.00000000
505.423 0.00012667
505.464 0.00233333
505.479 0.00002067
505.599 0.00009333
505.684 0.00019333
505.699 0.00001200
505.748 0.00016667
505.756 0.00000000
505.85 0.00005867
505.943 0.00000000
506.003 0.00002800
506.008 0.00160000
506.025 0.00056000
506.045 0.00080000
506.171 0.00226667
506.264 0.00017333
506.293 0.00016000
506.346 0.00008667
506.459 0.00007333
506.495 0.00080000
506.502 0.02000000
506.511 0.00060000
506.519 0.01333333
506.582 0.00017333
506.654 0.00004133
506.715 0.00206667
506.789 0.00086667
506.877 0.34000000
506.916 0.00014000
506.942 0.00012000
507.058 0.00015333
507.09 0.06000000
507.151 0.00012667
507.208 0.00273333
507.256 0.00010000
507.267 0.00140000
507.39 0.00011333
507.39 0.00022000
507.39 0.00060000
507.405 0.00016000
507.475 0.07000000
507.576 0.00500000
507.577 0.00086667
507.626 0.00260000
507.632 0.00009333
507.66 0.00039333
507.767 0.00052667
507.829 0.00013333
507.892 0.00080000
507.897 0.01666667
507.922 0.09000000
507.974 0.09000000
508.022 0.00016667
508.035 0.00056667
508.079 0.00018000
508.094 0.00041333
508.19 0.00024667
508.223 0.00133333
508.334 0.18000000
508.35 0.00021333
508.367 0.00008667
508.455 0.00008000
508.483 0.00086667
508.521 0.00009333
508.631 0.00052000
508.672 0.09000000
508.722 0.00226667
508.73 0.00041333
508.738 0.00000000
508.815 0.00023333
508.893 0.00005733
508.921 0.00120000
508.949 0.00021333
509.057 0.00005667
509.077 0.00180000
509.077 0.03666667
509.237 0.00004733
509.357 0.00180000
509.378 0.00032000
509.458 0.00008667
509.49 0.00039333
509.615 0.00002133
509.69 0.00030667
509.7 0.03333333
509.727 0.00273333
509.781 0.00093333
509.857 0.00226667
509.87 0.18000000
509.908 0.00073333
509.933 0.00030667
510.035 0.00005600
510.061 0.00213333
510.066 0.00093333
510.073 0.00666667
510.085 0.00018000
510.291 0.00012667
510.403 0.00024000
510.411 0.00003933
510.415 0.00000000
510.419 0.00022000
510.44 0.00005600
510.444 0.00026667
510.533 0.00044000
510.611 0.00066667
510.711 0.00026000
510.745 0.09000000
510.754 0.00019333
510.764 0.00180000
510.84 0.00012667
510.886 0.00008667
510.927 0.00000000
510.938 0.00020667
510.965 0.00153333
510.995 0.00000000
511.036 0.00306667
511.041 0.27000000
511.107 0.00086667
511.172 0.00008667
511.178 0.00086667
511.215 0.00020667
511.255 0.00086667
511.282 0.00000000
511.292 0.00010667
511.3 0.00040000
511.333 0.00005733
511.464 0.00001733
511.506 0.00050000
511.578 0.00042667
511.64 0.00001400
511.644 0.00031333
511.703 0.00126667
511.84 0.00000000
511.849 0.00008667
511.868 0.00004933
511.88 0.00086667
511.933 0.00030667
512.065 0.00020667
512.11 0.00000000
512.164 0.00166667
512.187 0.00001600
512.197 0.00001933
512.203 0.00000000
512.298 0.00002933
512.314 0.00000000
512.319 0.00060000
512.328 0.00008667
512.343 0.00002267
512.372 0.16000000
512.416 0.00006200
512.44 0.00002400
512.462 0.00022667
512.512 0.08000000
512.561 0.00030000
512.583 0.00030667
512.619 0.00466667
512.619 0.00393333
512.683 0.00000000
512.731 0.00002200
512.735 0.00019333
512.736 0.08000000
512.764 0.00006533
512.768 0.00020667
512.846 0.00000000
512.875 0.00011333
512.963 0.00306667
513.001 0.00019333
513.017 0.00005333
513.061 0.00002667
513.147 0.09000000
513.171 0.00000000
513.2 0.00011333
513.2 0.00000000
513.254 0.00000000
513.265 0.00002133
513.266 0.00073333
513.369 0.15000000
513.494 0.00073333
513.537 0.00000000
513.609 0.00036667
513.609 0.00012667
513.679 0.07000000
513.738 0.14000000
513.907 0.00000000
513.925 0.09000000
513.946 0.14000000
514.018 0.00000000
514.025 0.00000000
514.069 0.00022667
514.082 0.00000000
514.138 0.00022667
514.14 0.00000000
514.156 0.00000000
514.174 0.07000000
514.235 0.00000000
514.249 0.00073333
514.254 0.07000000
514.293 0.08000000
514.328 0.00066000
514.372 0.00007333
514.387 0.00063333
514.435 0.00186667
514.475 0.00002133
514.509 0.00653333
514.549 0.00000000
514.573 0.00040667
514.575 0.00065333
514.582 0.00054000
514.631 0.00010000
514.804 0.00012000
514.804 0.01333333
514.823 0.02333333
514.853 0.00001067
514.868 0.00000000
514.89 0.00026000
514.923 0.00001733
514.938 0.00029333
514.946 0.00260000
515.02 0.00002067
515.02 0.00021333
515.026 0.00000000
515.048 0.00065333
515.061 0.00000000
515.084 0.09000000
515.153 0.00000000
515.191 0.00320000
515.191 0.04333333
515.27 0.00002600
515.287 0.00008667
515.298 0.00003200
515.378 0.00002533
515.41 0.00062000
515.424 0.00000000
515.468 0.00005067
515.474 0.00007333
515.519 0.00000000
515.567 0.00000000
515.612 0.00016000
515.632 0.00060667
515.645 0.00001133
515.652 0.00000000
515.675 0.00000000
515.691 0.00006667
515.728 0.00031333
515.752 0.00016000
515.806 0.00001933
515.819 0.00002000
515.889 0.00060000
515.906 0.02000000
515.926 0.00000000
515.991 0.00006133
516.042 0.00000000
516.057 0.00059333
516.078 0.00001933
516.084 0.00008000
516.13 0.00009333
516.227 0.17000000
516.302 0.00001667
516.357 0.00002333
516.455 0.03666667
516.491 0.00019333
516.541 0.02666667
516.573 0.00001400
516.62 0.00000000
516.628 0.06333333
516.655 0.00060000
516.749 0.35000000
516.771 0.00034667
516.871 0.00003133
516.89 0.04000000
516.903 0.10000000
516.93 0.00010667
516.98 0.00005133
517.01 0.00001467
517.05 0.00000000
517.078 0.00186667
517.089 0.00000000
517.131 0.00008667
517.144 0.00000000
517.16 0.14000000
517.167 0.00044667
517.312 0.00010667
517.35 0.00011333
517.475 0.00000000
517.5 0.00003400
517.54 0.00050667
517.604 0.00044000
517.671 0.00001067
517.702 0.00038000
517.723 0.00180000
517.739 0.00006667
517.752 0.00000000
517.778 0.00000000
517.837 0.00017333
517.853 0.00000000
517.86 0.00006000
517.88 0.00086667
517.954 0.00001667
518.031 0.00073333
518.196 0.00006667
518.216 0.00000000
518.222 0.00002600
518.236 0.00000000
518.349 0.00010000
518.372 0.00000000
518.418 0.00008667
518.427 0.01000000
518.573 0.00039333
518.59 0.00000000
518.639 0.00000000
518.671 0.00000000
518.687 0.00033333
518.698 0.00001267
518.761 0.00002667
518.791 0.00050667
518.883 0.00000000
518.9 0.00000000
518.936 0.00000000
518.976 0.00000000
518.986 0.00001533
519.001 0.00000000
519.073 0.00011333
519.091 0.00023333
519.145 0.21000000
519.2 0.00000000
519.234 0.21000000
519.262 0.00001333
519.275 0.00003000
519.286 0.00007333
519.373 0.00003333
519.385 0.00003400
519.407 0.00010000
519.438 0.00004800
519.489 0.00086667
519.494 0.11000000
519.525 0.00001200
519.532 0.00000000
519.547 0.00120000
519.547 0.05333333
519.594 0.00003733
519.606 0.01333333
519.634 0.00000000
519.644 0.00009333
519.698 0.00002933
519.75 0.00000000
519.757 0.00553333
519.794 0.00016000
519.871 0.04333333
519.908 0.00032000
519.912 0.00100000
520.08 0.00040667
520.226 0.00086667
520.234 0.17000000
520.259 0.00014000
520.363 0.00073333
520.391 0.00014000
520.458 0.07000000
520.495 0.00024000
520.569 0.00000000
520.604 0.00030000
520.794 0.00012667
520.826 0.00000000
520.859 0.12000000
520.966 0.00000000
520.988 0.00015333
521.046 0.00011333
521.184 0.00004600
521.283 0.00015333
521.353 0.00014000
521.384 0.00026000
521.395 0.00048000
521.4 0.00003600
521.405 0.00010000
521.434 0.00002400
521.449 0.00024000
521.461 0.00008667
521.518 0.12000000
521.535 0.00064667
521.585 0.00029333
521.627 0.17000000
521.686 0.00566667
521.739 0.08000000
521.792 0.00333333
521.812 0.00047333
521.814 0.00000000
521.857 0.00003800
521.884 0.00038000
521.912 0.00011333
521.969 0.00005333
521.992 0.00021333
522.056 0.00052000
522.104 0.00001333
522.104 0.00019333
522.129 0.00009333
522.133 0.00000000
522.145 0.00003933
522.176 0.00004467
522.2 0.00002800
522.235 0.00054667
522.242 0.00022000
522.318 0.00002467
522.319 0.00293333
522.326 0.00024000
522.38 0.00019333
522.402 0.00000000
522.43 0.00009333
522.44 0.00016667
522.521 0.00002333
522.553 0.02666667
522.564 0.00010000
522.596 0.00023333
522.607 0.00002800
522.607 0.00037333
522.616 0.00006467
522.636 0.00000000
522.668 0.00000000
522.686 0.09000000
522.708 0.00004600
522.715 0.00400000
522.719 0.19000000
522.732 0.00100000
522.749 0.00460000
522.758 0.00004600
522.776 0.00013333
522.781 0.00010000
522.838 0.00666667
522.863 0.00014000
522.863 0.00001533
522.889 0.00023333
522.903 0.00000000
522.914 0.00008667
522.942 0.00002600
522.985 0.00400000
522.987 0.09000000
522.991 0.00008667
523.078 0.00020000
523.106 0.00000000
523.139 0.00005200
523.191 0.00018000
523.278 0.00062000
523.294 0.37000000
523.376 0.00048667
523.428 0.00005933
523.428 0.00050000
523.462 0.00253333
523.503 0.00001667
523.522 0.00003267
523.539 0.01666667
523.556 0.00000000
523.566 0.00046000
523.606 0.00051333
523.62 0.00306667
523.655 0.00000000
523.662 0.00026000
523.696 0.00000000
523.73 0.00048667
523.795 0.00186667
523.939 0.00003933
523.981 0.00032000
523.994 0.00000000
524.035 0.00004467
524.04 0.00000000
524.055 0.00026667
524.058 0.00012667
524.105 0.00018667
524.118 0.00003200
524.145 0.00008667
524.145 0.00000000
524.249 0.06333333
524.318 0.00005800
524.331 0.00246667
524.378 0.01000000
524.392 0.00005267
524.507 0.00003600
524.517 0.00005400
524.54 0.00000000
524.545 0.00022000
524.617 0.00001267
524.705 0.03000000
524.753 0.00000000
524.796 0.00400000
524.911 0.00260000
524.93 0.00009333
524.934 0.00026667
525.021 0.02000000
525.065 0.10000000
525.123 0.00326667
525.132 0.00001533
525.165 0.00001800
525.197 0.00666667
525.269 0.00000000
525.303 0.00001133
525.346 0.04333333
525.352 0.00008667
525.365 0.00080000
525.44 0.00025333
525.451 0.00005600
525.496 0.03000000
525.567 0.00006667
525.574 0.00008667
525.609 0.00002867
525.712 0.00093333
525.723 0.00036667
525.765 0.00013333
525.789 0.00022667
525.802 0.00000000
525.812 0.00012667
525.842 0.00013333
526.025 0.01000000
526.034 0.00054000
526.146 0.00010667
526.231 0.00016667
526.247 0.00042000
526.288 0.00004133
526.296 0.00006533
526.331 0.12000000
526.349 0.00004000
526.386 0.00273333
526.402 0.00012667
526.418 0.00086667
526.48 0.00160000
526.524 0.00009333
526.598 0.00240000
526.656 0.21000000
526.666 0.00020667
526.727 0.00009333
526.84 0.00002333
526.906 0.00016000
526.954 0.40000000
527.003 0.00039333
527.03 0.00051333
527.036 0.21000000
527.11 0.00008667
527.222 0.00007333
527.237 0.00023333
527.241 0.00012667
527.298 0.00200000
527.316 0.04666667
527.337 0.03000000
527.366 0.00003467
527.453 0.00000000
527.498 0.00010000
527.6 0.01000000
527.638 0.00060667
527.648 0.00126667
527.678 0.00006133
527.73 0.00001333
527.78 0.00059333
527.823 0.00003000
527.858 0.00004600
528.036 0.00666667
528.093 0.00002000
528.163 0.00041333
528.179 0.13000000
528.228 0.00000000
528.23 0.00106667
528.308 0.00000000
528.362 0.17000000
528.407 0.00002667
528.409 0.03000000
528.442 0.00080000
528.461 0.00010667
528.483 0.00106667
528.513 0.00010667
528.852 0.01333333
528.972 0.00009333
529.009 0.00000000
529.055 0.00000000
529.074 0.00600000
529.166 0.00220000
529.28 0.00001733
529.303 0.00003800
529.396 0.00320000
529.455 0.00003733
529.503 0.00002333
529.531 0.00010000
529.642 0.00000000
529.812 0.00066667
529.878 0.00513333
529.886 0.00026667
529.895 0.00008667
529.993 0.00041333
530.23 0.14000000
530.254 0.00006533
530.26 0.00073333
530.286 0.00046000
530.305 0.00046667
530.372 0.00016000
530.399 0.00047333
530.407 0.00047333
530.442 0.00001067
530.542 0.00001600
530.542 0.00030667
530.618 0.00080000
530.676 0.00028000
530.736 0.06333333
530.835 0.00001467
530.987 0.00008667
530.992 0.00024000
531.049 0.00000000
531.063 0.00008667
531.088 0.00047333
531.191 0.00006000
531.31 0.00018667
531.402 0.00010000
531.508 0.00280000
531.577 0.00008000
531.599 0.00005133
531.621 0.00233333
531.661 0.09000000
531.678 0.00015333
531.756 0.00004067
531.805 0.00053333
531.874 0.00020667
531.919 0.00002333
532.004 0.00420000
532.016 0.00000000
532.08 0.00001800
532.111 0.00606667
532.183 0.00028000
532.204 0.02333333
532.224 0.00032667
532.274 0.00100000
532.418 0.36000000
532.505 0.00001400
532.554 0.00373333
532.614 0.00566667
532.804 0.38000000
532.853 0.14000000
532.894 0.00015333
532.912 0.00064000
532.965 0.00009333
532.999 0.01333333
533.073 0.00065333
533.266 0.00042000
533.29 0.01000000
533.433 0.00044667
533.518 0.00073333
533.959 0.00373333
533.993 0.14000000
534.03 0.00003933
534.051 0.00066667
534.054 0.00066667
534.102 0.14000000
534.411 0.00022667
534.442 0.00020667
534.574 0.00002400
534.595 0.00009333
534.641 0.00002133
534.686 0.00026000
534.688 0.00153333
534.719 0.00054667
534.849 0.00008000
534.974 0.00260000
535.054 0.00005000
535.078 0.00018000
535.193 0.00010000
535.213 0.00003800
535.266 0.00011333
535.268 0.00012000
535.307 0.00012667
535.319 0.00000000
535.325 0.00008667
535.337 0.04000000
535.377 0.00186667
535.38 0.00000000
535.498 0.00006067
535.542 0.00026000
535.632 0.00066000
535.709 0.00000000
535.752 0.00012000
535.811 0.00006667
535.887 0.00034000
535.925 0.00016000
536.026 0.00007333
536.048 0.00021333
536.162 0.00029333
536.275 0.00393333
536.297 0.01000000
536.335 0.00073333
536.376 0.00246667
536.391 0.00065333
536.487 0.13000000
536.54 0.02666667
536.621 0.00086667
536.688 0.00006600
536.696 0.00000000
536.713 0.00001933
536.747 0.13000000
536.806 0.00126667
536.891 0.00006133
536.996 0.09000000
537.028 0.00018667
537.029 0.00061333
537.032 0.00018667
537.043 0.00014667
537.079 0.00006000
537.128 0.00018000
537.149 0.43000000
537.241 0.00034667
537.254 0.00005533
537.371 0.01000000
537.547 0.00133333
537.584 0.00036667
537.614 0.00002400
537.673 0.00015333
537.683 0.00333333
537.772 0.00000000
537.821 0.00022000
537.912 0.00022000
537.925 0.00005667
537.957 0.02333333
538.044 0.00010000
538.1 0.00003933
538.121 0.00014667
538.17 0.00003933
538.226 0.00066000
538.236 0.00010000
538.337 0.26000000
538.558 0.00006667
538.578 0.00000000
538.614 0.00063333
538.633 0.00193333
538.696 0.00005133
538.706 0.00260000
538.748 0.00126667
538.803 0.00012667
538.84 0.00001933
538.903 0.00006667
538.948 0.03666667
539.001 0.00063333
539.02 0.00006200
539.036 0.00003467
539.125 0.00013333
539.146 0.01666667
539.162 0.00080000
539.198 0.00004400
539.259 0.00003533
539.317 0.09000000
539.358 0.00006667
539.384 0.00054667
539.522 0.00010667
539.585 0.00253333
539.713 0.24000000
539.72 0.00010667
539.762 0.00173333
539.794 0.00009333
539.806 0.00012667
539.828 0.04000000
539.882 0.00008667
539.894 0.00009333
539.956 0.00014000
540.05 0.07000000
540.066 0.00011333
540.127 0.00010000
540.189 0.00011333
540.206 0.00213333
540.206 0.00008000
540.234 0.00000000
540.289 0.00016000
540.382 0.01666667
540.412 0.00666667
540.415 0.17000000
540.509 0.00073333
540.535 0.00032667
540.566 0.00023333
540.577 0.23000000
540.677 0.00031333
540.738 0.00014667
540.799 0.00000000
540.913 0.00593333
541.091 0.12000000
541.137 0.00043333
541.197 0.00010667
541.212 0.00061333
541.274 0.00012667
541.278 0.00005600
541.297 0.00062667
541.397 0.00000000
541.409 0.00004467
541.485 0.00044667
541.52 0.32000000
541.561 0.00001600
541.703 0.00012667
541.764 0.00005267
541.973 0.00000000
542.0 0.00001600
542.337 0.00066667
542.374 0.00015333
542.407 0.27000000
542.422 0.00066667
542.527 0.00133333
542.616 0.00066667
542.664 0.00005333
542.717 0.00066667
542.782 0.00553333
542.95 0.00146667
542.97 0.35000000
542.984 0.00073333
542.999 0.00666667
543.231 0.00003733
543.295 0.00226667
543.452 0.24000000
543.603 0.00003067
543.63 0.00036000
543.66 0.00413333
543.665 0.00002133
543.719 0.00010667
543.972 0.00086667
544.106 0.00005467
544.134 0.00023333
544.191 0.00003933
544.226 0.00010667
544.236 0.00066667
544.264 0.00001067
544.323 0.00016667
544.344 0.00023333
544.439 0.00106667
544.504 0.14000000
544.53 0.00014000
544.58 0.00086667
544.658 0.00220000
544.687 0.00560000
544.692 0.29000000
545.009 0.00050000
545.132 0.00020667
545.209 0.00026667
545.545 0.05333333
545.561 0.32000000
545.593 0.00036667
545.723 0.00001067
545.742 0.00022000
545.772 0.02000000
546.05 0.00006400
546.081 0.00026667
546.088 0.00011333
546.155 0.00016000
546.296 0.06000000
546.328 0.12000000
546.428 0.00666667
546.593 0.00653333
546.64 0.03333333
546.691 0.00660000
546.699 0.00058667
546.718 0.00017333
546.882 0.00000000
547.009 0.00018000
547.271 0.01000000
547.285 0.00044667
547.316 0.00017333
547.358 0.00034667
547.39 0.15000000
547.518 0.00022667
547.583 0.00120000
547.629 0.01666667
547.656 0.12000000
547.74 0.00146667
547.8 0.00001267
547.804 0.00000000
547.832 0.00014667
547.846 0.00286667
547.852 0.00005933
547.94 0.00073333
548.086 0.01333333
548.096 0.00037333
548.124 0.00666667
548.127 0.00060000
548.144 0.00666667
548.184 0.00012000
548.231 0.00500000
548.246 0.00004733
548.31 0.02000000
548.349 0.00003867
548.386 0.00001267
548.484 0.00120000
548.506 0.00006533
548.553 0.00028667
548.714 0.05666667
548.72 0.00003267
548.739 0.00032667
548.739 0.00041333
548.748 0.00012000
548.752 0.00010000
548.762 0.00506667
548.774 0.00113333
548.775 0.01000000
548.808 0.00022667
548.877 0.00080000
548.973 0.00005600
549.012 0.00005467
549.11 0.00016667
549.183 0.00023333
549.208 0.00140000
549.24 0.00126667
549.268 0.00008000
549.332 0.00086667
549.35 0.00346667
549.383 0.00173333
549.446 0.00173333
549.547 0.00001067
549.752 0.11000000
549.848 0.00003600
549.857 0.00036000
549.961 0.00006667
550.102 0.00012000
550.146 0.09000000
550.267 0.00047333
550.322 0.00064000
550.336 0.00019333
550.389 0.00022667
550.412 0.00000000
550.436 0.00001133
550.588 0.00486667
550.62 0.00493333
550.672 0.00002200
550.678 0.08000000
550.707 0.00038000
550.841 0.00002800
550.854 0.00002800
550.938 0.00001267
550.944 0.00022667
551.064 0.00008000
551.078 0.00086667
551.109 0.00030000
551.149 0.00001333
551.226 0.00014667
551.24 0.00008000
551.706 0.00005067
551.741 0.00086667
551.756 0.00005133
551.948 0.00003400
552.168 0.00006000
552.245 0.00666667
552.286 0.00030000
552.399 0.00008667
552.512 0.00000000
552.516 0.00004467
552.554 0.04666667
552.89 0.00012000
552.905 0.00086667
552.916 0.00022667
552.994 0.00015333
553.034 0.00025333
553.198 0.00000000
553.209 0.00065333
553.275 0.00433333
553.287 0.00017333
553.466 0.02000000
553.484 0.01000000
553.489 0.00031333
553.542 0.05333333
553.658 0.00012667
553.8 0.00009333
553.852 0.05333333
553.91 0.00106667
553.928 0.03000000
554.1 0.00005000
554.248 0.00006667
554.303 0.00015333
554.319 0.02333333
554.394 0.01000000
554.42 0.00056000
554.476 0.00093333
554.651 0.03666667
554.699 0.00008667
554.814 0.00010667
554.823 0.00023333
554.9 0.00058000
554.995 0.00646667
555.269 0.00003067
555.358 0.00453333
555.489 0.07000000
555.79 0.00010667
555.798 0.00012667
555.829 0.00022000
555.926 0.00014667
555.98 0.00011333
556.021 0.00340000
556.114 0.00026667
556.124 0.00002000
556.149 0.00066667
556.152 0.00013333
556.271 0.01000000
556.33 0.00005133
556.339 0.00018000
556.36 0.06333333
556.369 0.00008667
556.568 0.00062000
556.57 0.04333333
556.728 0.00005133
556.739 0.01666667
556.784 0.00009333
556.789 0.00059333
556.962 0.17000000
557.028 0.00009333
557.152 0.00005267
557.284 0.18000000
557.31 0.00473333
557.347 0.00020000
557.501 0.00010667
557.609 0.09000000
557.791 0.00043333
557.801 0.00015333
557.993 0.00025333
558.163 0.00016000
558.173 0.00014667
558.394 0.00014000
558.476 0.01666667
558.676 0.26000000
558.711 0.00010667
558.757 0.00386667
558.803 0.00011333
558.822 0.00086667
558.925 0.00003867
559.148 0.00065333
559.223 0.00001733
559.456 0.00005267
559.465 0.00660000
559.944 0.00000000
560.01 0.00002667
560.022 0.00133333
560.277 0.00540000
560.294 0.03000000
560.375 0.00003467
560.637 0.00001467
560.713 0.00000000
560.766 0.00003200
560.897 0.00005733
561.136 0.00004067
561.168 0.00003667
561.427 0.00003200
561.53 0.01000000
561.564 0.32000000
561.714 0.00005133
561.817 0.00023333
561.863 0.00666667
561.922 0.00000000
561.96 0.00008667
562.003 0.00166667
562.042 0.00001867
562.049 0.00253333
562.086 0.00093333
562.295 0.00002133
562.348 0.00016667
562.402 0.00360000
562.454 0.14000000
562.709 0.00000000
562.749 0.00000000
562.772 0.00001067
562.987 0.00012667
563.092 0.00100000
563.11 0.00100000
563.132 0.00001267
563.395 0.02000000
563.551 0.00001333
563.559 0.00042000
563.582 0.00420000
563.621 0.00000000
563.625 0.00000000
563.67 0.00213333
563.711 0.00010000
563.733 0.00053333
563.76 0.00106667
563.826 0.04333333
563.934 0.00000000
563.955 0.00106667
563.968 0.00022000
564.031 0.00003733
564.088 0.00001467
564.143 0.00051333
564.149 0.01666667
564.21 0.00002800
564.275 0.00002933
564.387 0.00666667
564.393 0.00005733
564.403 0.00006200
564.436 0.00000000
564.539 0.00146667
564.583 0.00003267
564.623 0.00027333
564.668 0.00002267
564.777 0.00000000
564.89 0.00080000
564.963 0.00012667
564.999 0.00012667
565.012 0.00246667
565.07 0.00086667
565.147 0.00006200
565.152 0.00027333
565.152 0.00032667
565.164 0.00009333
565.232 0.00012000
565.387 0.00015333
565.518 0.00446667
565.535 0.00028000
565.549 0.01000000
565.64 0.00113333
565.853 0.03333333
565.866 0.00032667
565.882 0.11000000
565.914 0.00166667
565.957 0.00003467
566.014 0.00040000
566.063 0.00012000
566.08 0.00004533
566.102 0.00000000
566.102 0.00033333
566.135 0.00006400
566.14 0.00018000
566.197 0.00001133
566.252 0.05666667
566.294 0.00038000
566.526 0.00014000
566.559 0.00022667
566.563 0.00001200
566.679 0.00000000
566.746 0.00001933
566.752 0.00540000
566.766 0.00000000
566.863 0.00014000
566.965 0.00000000
567.124 0.00010667
567.183 0.00000000
567.214 0.00021333
567.226 0.00000000
567.288 0.00010667
567.332 0.00005267
567.338 0.00000000
567.525 0.00022667
567.634 0.00019333
567.7 0.00100000
567.768 0.00001400
567.836 0.00016000
567.838 0.00001333
567.86 0.00000000
567.902 0.00506667
567.985 0.00009333
568.024 0.00005533
568.077 0.00018667
568.151 0.00003400
568.189 0.00016000
568.25 0.00000000
568.357 0.00023333
568.37 0.00100000
568.447 0.00004867
568.448 0.00000000
568.517 0.00003933
568.586 0.00000000
568.612 0.00000000
568.653 0.01000000
568.687 0.00012000
569.1 0.00048000
569.15 0.00017333
569.242 0.00015333
569.332 0.00000000
569.364 0.00280000
569.568 0.00018000
569.583 0.00031333
569.609 0.00002667
569.637 0.00086667
569.802 0.00003267
569.836 0.00003000
569.856 0.00024000
569.941 0.00000000
570.106 0.00024000
570.154 0.04000000
570.19 0.00000000
570.235 0.00002000
570.291 0.00000000
570.326 0.00009333
570.473 0.00002533
570.515 0.00048000
570.546 0.00013333
570.599 0.01000000
570.61 0.00006067
570.651 0.00002400
570.671 0.00011333
570.705 0.00006467
570.716 0.00007333
570.725 0.00000000
570.77 0.00000000
570.809 0.00011333
570.845 0.00010667
570.888 0.00006667
570.897 0.00073333
570.938 0.07000000
570.993 0.00001800
571.147 0.00026667
571.185 0.00016000
571.213 0.00293333
571.289 0.00000000
571.293 0.00035333
571.397 0.00022000
571.415 0.00005600
571.455 0.00000000
571.5 0.00073333
571.51 0.00300000
571.547 0.00000000
571.595 0.00073333
571.617 0.00000000
571.658 0.00014000
571.783 0.00666667
571.847 0.00006067
571.945 0.00004600
571.988 0.00060000
572.07 0.00080000
572.09 0.00003333
572.103 0.00038667
572.112 0.00002533
572.171 0.00000000
572.203 0.00007333
572.246 0.00026000
572.367 0.00000000
572.412 0.00004800
572.445 0.00000000
572.595 0.00080000
572.655 0.00057333
572.96 0.00306667
572.979 0.00003533
573.009 0.00004467
573.018 0.00004467
573.086 0.00001200
573.176 0.01000000
573.181 0.00012000
573.222 0.00017333
573.23 0.00002067
573.271 0.00008000
573.286 0.00000000
573.341 0.00062000
573.345 0.00045333
573.456 0.00000000
573.484 0.00014000
573.571 0.00000000
573.753 0.00006667
573.789 0.00026000
573.823 0.00002467
573.978 0.00000000
574.185 0.00011333
574.229 0.00013333
574.296 0.00002600
574.393 0.00000000
574.419 0.00093333
574.55 0.00100000
574.657 0.00026667
574.745 0.00000000
574.784 0.00000000
574.787 0.00009333
574.795 0.00009333
574.871 0.00020667
574.941 0.00000000
574.964 0.00000000
574.981 0.00013333
575.003 0.00000000
575.087 0.00008000
575.149 0.00010000
575.203 0.00660000
575.312 0.03333333
575.338 0.00000000
575.369 0.00000000
575.397 0.00000000
575.44 0.00002667
575.458 0.00003200
575.463 0.00003067
575.513 0.00000000
575.535 0.00000000
575.545 0.00017333
575.563 0.00012000
575.638 0.00093333
575.681 0.00004000
575.772 0.00004867
575.926 0.00001133
575.954 0.00002067
576.034 0.00005333
576.053 0.00000000
576.069 0.00000000
576.108 0.00000000
576.113 0.00005000
576.126 0.00000000
576.223 0.00000000
576.241 0.00006000
576.26 0.00000000
576.284 0.00003533
576.299 0.04666667
576.388 0.00005200
576.691 0.00004333
576.797 0.00000000
576.838 0.00008000
576.845 0.00004200
576.888 0.00003133
576.932 0.00000000
576.957 0.00000000
576.967 0.00000000
577.016 0.00000000
577.329 0.00012667
577.345 0.00000000
577.407 0.00010000
577.47 0.00000000
577.505 0.00052000
577.508 0.00620000
577.563 0.00008667
577.563 0.00000000
577.622 0.00000000
577.675 0.00009333
577.683 0.00005333
577.845 0.00003200
577.881 0.00000000
577.969 0.00000000
578.013 0.00100000
578.028 0.00000000
578.033 0.00018667
578.06 0.00008000
578.08 0.00004000
578.149 0.00000000
578.156 0.00005267
578.211 0.00003600
578.362 0.00166667
578.389 0.00003200
578.403 0.00000000
578.445 0.00126667
578.466 0.00016000
578.498 0.00007333
578.517 0.00000000
578.552 0.00000000
578.566 0.00002800
578.567 0.00020000
578.641 0.00016000
578.699 0.00000000
578.776 0.00044667
578.796 0.00000000
578.879 0.00293333
579.041 0.00005333
579.069 0.00039333
579.102 0.02333333
579.119 0.00002067
579.152 0.00008000
579.185 0.00000000
579.329 0.00025333
579.368 0.00001067
579.391 0.00058667
579.587 0.00200000
579.587 0.00420000
579.643 0.00001200
579.666 0.00001800
579.817 0.00100000
579.864 0.00029333
579.992 0.00213333
580.127 0.00146667
580.127 0.00002133
580.277 0.00080000
580.294 0.00063333
580.34 0.00061333
580.403 0.00040000
580.445 0.00426667
580.446 0.00010667
580.516 0.00093333
580.576 0.00005533
580.663 0.00001267
580.672 0.03333333
580.701 0.00051333
580.767 0.00666667
580.778 0.00003800
580.798 0.00001733
580.915 0.00005067
580.922 0.01333333
580.988 0.00000000
580.997 0.00001267
581.008 0.00012667
581.163 0.00050000
581.179 0.00025333
581.191 0.00626667
581.2 0.00206667
581.219 0.00086667
581.244 0.00000000
581.305 0.00012000
581.331 0.00040000
581.333 0.00000000
581.367 0.00061333
581.381 0.00073333
581.401 0.00000000
581.481 0.00007333
581.522 0.00333333
581.551 0.00000000
581.563 0.00000000
581.606 0.00002400
581.637 0.01333333
581.696 0.00018000
581.708 0.00001400
581.743 0.00035333
581.85 0.00047333
581.928 0.00000000
582.138 0.00034667
582.189 0.00000000
582.288 0.00005267
582.316 0.00004867
582.401 0.00001600
582.44 0.00057333
582.552 0.00386667
582.612 0.00005667
582.652 0.00008667
582.664 0.00153333
582.736 0.00004267
582.745 0.00000000
582.765 0.00005267
582.788 0.00001867
582.84 0.00373333
583.034 0.00037333
583.061 0.00553333
583.336 0.00000000
583.393 0.00001667
583.393 0.01000000
583.403 0.00003333
583.465 0.00666667
583.51 0.00003333
583.542 0.00353333
583.55 0.00048000
583.55 0.00001467
583.557 0.00000000
583.574 0.00002267
583.676 0.00240000
583.77 0.00360000
583.804 0.00073333
583.814 0.00000000
583.837 0.00005467
583.899 0.00011333
584.113 0.00007333
584.203 0.00000000
584.229 0.00666667
584.315 0.00010000
584.315 0.00000000
584.323 0.00000000
584.492 0.00000000
584.529 0.00001133
584.596 0.01000000
584.807 0.00003667
584.813 0.00011333
584.876 0.00146667
584.918 0.00001467
584.968 0.00002867
585.009 0.00000000
585.029 0.00012000
585.12 0.00000000
585.146 0.00020000
585.209 0.00015333
585.222 0.00020000
585.315 0.00386667
585.348 0.00064000
585.368 0.00001400
585.419 0.00073333
585.462 0.00393333
585.463 0.00000000
585.508 0.00653333
585.609 0.01000000
585.765 0.00020667
585.826 0.00000000
585.845 0.00011333
585.878 0.00003400
585.923 0.00666667
585.959 0.02000000
585.995 0.00000000
586.076 0.00008667
586.082 0.00010667
586.095 0.00047333
586.111 0.00002133
586.197 0.00016000
586.236 0.04666667
586.408 0.00021333
586.424 0.00001867
586.44 0.00000000
586.506 0.00014667
586.623 0.00000000
586.644 0.00000000
586.699 0.00000000
586.718 0.00133333
587.099 0.00506667
587.13 0.00380000
587.134 0.00004333
587.177 0.00063333
587.273 0.00000000
587.278 0.01000000
587.321 0.01000000
587.57 0.00120000
587.613 0.00000000
587.626 0.00120000
587.628 0.00001200
587.779 0.00012667
587.853 0.00009333
587.949 0.00002067
588.003 0.00666667
588.128 0.00003200
588.175 0.00000000
588.308 0.00000000
588.336 0.00001333
588.357 0.00004400
588.382 0.01666667
588.449 0.00002800
588.502 0.00120000
588.565 0.00005133
588.585 0.00005133
588.666 0.00026667
588.682 0.00000000
588.746 0.00000000
588.882 0.00000000
588.939 0.00000000
588.977 0.00031333
589.05 0.00000000
589.118 0.00003467
589.148 0.00008667
589.188 0.00001667
589.191 0.00280000
589.246 0.00000000
589.269 0.00003933
589.28 0.00000000
589.323 0.00000000
589.43 0.00002467
589.502 0.00000000
589.516 0.00000000
589.534 0.00366667
589.674 0.00000000
589.775 0.00000000
589.803 0.00012000
589.821 0.00001933
589.851 0.00000000
589.868 0.00080000
589.906 0.00000000
590.07 0.00038000
590.133 0.00037333
590.139 0.00022000
590.153 0.00001067
590.16 0.00002533
590.174 0.00226667
590.174 0.00007333
590.247 0.00440000
590.282 0.00093333
590.352 0.00002333
590.567 0.00666667
590.626 0.00000000
590.684 0.00001533
590.725 0.00004667
590.737 0.00010667
590.786 0.00000000
590.867 0.00002400
590.984 0.00000000
590.997 0.00120000
591.1 0.00056667
591.376 0.00015333
591.411 0.00029333
591.42 0.02666667
591.455 0.00260000
591.497 0.00008000
591.547 0.00001067
591.604 0.00000000
591.625 0.01333333
591.655 0.00000000
591.806 0.00246667
591.893 0.00000000
591.896 0.00049333
591.99 0.00193333
592.013 0.00041333
592.039 0.00015333
592.05 0.00000000
592.099 0.00007333
592.221 0.00009333
592.352 0.00186667
592.375 0.00000000
592.636 0.00186667
592.682 0.00000000
592.779 0.00460000
592.968 0.00005733
592.969 0.00133333
593.018 0.01333333
593.035 0.00002333
593.189 0.00140000
593.301 0.00186667
593.38 0.00000000
593.442 0.00048000
593.465 0.00666667
593.513 0.00000000
593.543 0.00001133
593.632 0.00006133
593.694 0.00000000
593.7 0.00146667
593.89 0.00206667
593.924 0.00206667
594.01 0.00042000
594.045 0.00000000
594.099 0.00333333
594.31 0.00001133
594.358 0.00000000
594.362 0.00000000
594.439 0.00007333
594.539 0.00000000
594.665 0.00020000
594.751 0.00001067
594.791 0.00008000
594.842 0.00019333
594.89 0.00009333
594.926 0.00005333
594.928 0.00004867
594.935 0.00260000
595.051 0.00015333
595.145 0.00001467
595.15 0.00010667
595.231 0.00200000
595.252 0.00039333
595.272 0.00533333
595.288 0.00000000
595.36 0.00000000
595.361 0.00253333
595.55 0.00014000
595.57 0.00052000
595.646 0.00000000
595.669 0.00666667
595.681 0.00030000
595.786 0.00000000
595.823 0.00001333
595.833 0.00001200
595.946 0.00009333
595.964 0.00004200
595.991 0.00000000
596.036 0.00000000
596.152 0.00000000
596.171 0.00153333
596.192 0.00000000
596.222 0.00000000
596.246 0.00016667
596.306 0.00000000
596.324 0.00000000
596.333 0.00003467
596.393 0.00003867
596.547 0.00000000
596.562 0.00037333
596.569 0.00000000
596.599 0.00000000
596.698 0.00000000
596.776 0.00001600
596.818 0.00003467
596.848 0.00031333
596.863 0.00009333
596.888 0.00061333
596.956 0.00306667
597.347 0.00000000
597.535 0.00540000
597.616 0.00000000
597.644 0.00000000
597.668 0.00044667
597.678 0.00027333
597.678 0.00015333
597.832 0.00000000
597.848 0.00022000
597.889 0.00000000
597.932 0.00100000
598.101 0.00060667
598.136 0.00000000
598.175 0.00011333
598.231 0.00000000
598.368 0.01666667
598.385 0.00003667
598.454 0.00030000
598.481 0.02666667
598.482 0.00007333
598.519 0.00000000
598.6 0.00050000
598.642 0.00001133
598.669 0.00000000
598.696 0.00000000
598.706 0.01333333
598.801 0.00005867
598.856 0.00000000
598.908 0.00126667
599.126 0.00000000
599.137 0.00086667
599.264 0.00000000
599.3 0.00000000
599.339 0.00001133
599.454 0.00000000
599.459 0.00012667
599.471 0.00006200
599.581 0.00003333
599.591 0.00000000
599.767 0.00000000
599.778 0.00193333
599.778 0.00153333
599.894 0.00000000
599.954 0.00113333
600.0 0.00360000
600.01 0.00016000
600.063 0.00000000
600.108 0.00106667
600.301 0.01000000
600.464 0.00002267
600.554 0.00001467
600.574 0.00018000
600.771 0.00000000
600.78 0.00002267
600.796 0.00266667
600.856 0.00473333
600.983 0.00000000
601.135 0.00000000
601.221 0.00001267
601.244 0.00000000
601.276 0.00000000
601.286 0.00003733
601.336 0.00005000
601.346 0.02000000
601.364 0.00001733
601.391 0.00000000
601.397 0.00002800
601.41 0.00021333
601.448 0.00006067
601.524 0.00000000
601.529 0.00018667
601.572 0.00002467
601.605 0.00000000
601.788 0.00038667
601.83 0.00000000
601.891 0.00000000
601.937 0.00000000
602.001 0.00037333
602.017 0.00186667
602.078 0.00008000
602.179 0.05666667
602.285 0.00000000
602.406 0.00373333
602.705 0.00226667
602.772 0.00000000
602.797 0.00000000
602.873 0.00000000
602.887 0.00011333
603.083 0.00002000
603.102 0.00026667
603.259 0.00093333
603.404 0.00000000
603.534 0.00000000
603.553 0.00003667
603.646 0.00000000
603.656 0.00073333
603.908 0.00003067
604.209 0.00086667
604.223 0.00000000
604.294 0.00016667
604.417 0.00003667
604.547 0.00001867
604.773 0.00014000
604.791 0.00017333
604.809 0.00030000
604.834 0.00013333
604.872 0.00064667
604.944 0.00002067
604.958 0.00001267
605.407 0.00000000
605.418 0.00073333
605.462 0.00001600
605.477 0.00006467
605.509 0.00000000
605.54 0.00000000
605.6 0.00426667
605.636 0.00006667
605.713 0.00032667
605.726 0.00000000
605.764 0.00003000
605.846 0.00018667
605.901 0.00008667
606.062 0.00000000
606.081 0.00000000
606.097 0.00014667
606.108 0.00016667
606.285 0.00113333
606.294 0.00000000
606.548 0.03000000
606.58 0.00000000
606.761 0.00001933
606.849 0.00066000
606.967 0.00002667
607.142 0.00003400
607.142 0.00000000
607.778 0.00028000
607.831 0.00002267
607.849 0.00546667
607.901 0.00140000
608.171 0.00000000
608.183 0.00000000
608.204 0.00008000
608.271 0.00133333
608.289 0.00001400
608.366 0.00000000
608.41 0.00000000
608.423 0.00001533
608.526 0.00005067
608.594 0.00001467
608.7 0.00066667
608.788 0.00000000
608.831 0.00002400
608.876 0.00000000
609.116 0.00002400
609.172 0.00004000
609.216 0.00011333
609.364 0.00253333
609.437 0.00002867
609.64 0.00093333
609.666 0.00180000
609.708 0.00001267
609.74 0.00011333
609.824 0.00003333
609.85 0.00186667
610.027 0.00002133
610.218 0.01333333
610.318 0.00666667
610.329 0.04000000
610.513 0.00002533
610.733 0.00002600
610.765 0.00004000
611.333 0.00000000
611.747 0.00021333
612.025 0.00002600
612.791 0.00400000
612.97 0.00045333
613.579 0.00000000
613.661 0.03000000
613.699 0.00300000
613.729 0.00000000
613.75 0.00000000
613.769 0.03000000
613.987 0.00000000
614.045 0.00000000
614.173 0.00300000
614.773 0.00000000
614.783 0.00200000
614.923 0.00133333
614.999 0.00038000
615.162 0.00293333
615.436 0.00006667
615.547 0.00000000
615.773 0.00666667
615.879 0.00003533
615.938 0.00001800
616.354 0.00126667
616.536 0.00266667
616.546 0.00017333
616.96 0.00001867
616.974 0.00073333
616.982 0.00003400
617.051 0.01000000
617.263 0.00001600
617.334 0.01333333
617.514 0.00001667
617.938 0.00005000
618.02 0.00320000
618.17 0.00012667
618.2 0.00003400
618.526 0.00045333
618.606 0.00001800
618.656 0.00010000
618.799 0.00073333
619.139 0.00036667
619.156 0.03666667
619.456 0.00002800
619.479 0.00022000
619.543 0.00007333
620.031 0.00666667
620.137 0.00020667
620.304 0.00015333
620.609 0.00002733
620.8 0.00000000
620.837 0.00126667
621.343 0.01333333
621.514 0.00186667
621.576 0.00002600
621.928 0.02333333
621.982 0.00062000
622.078 0.00004000
622.558 0.00003000
622.625 0.00004333
622.674 0.00003933
622.749 0.00002867
622.923 0.00106667
623.072 0.03000000
623.126 0.00050667
623.264 0.00246667
623.658 0.00046667
623.838 0.00093333
623.994 0.00000000
624.031 0.00003333
624.065 0.00024000
624.632 0.01000000
624.756 0.00420000
624.891 0.00002933
625.256 0.03666667
625.383 0.00005333
625.426 0.00626667
625.636 0.00506667
625.828 0.00064000
625.981 0.00016000
626.513 0.01333333
627.022 0.00413333
627.076 0.00031333
627.128 0.00146667
627.968 0.00063333
628.062 0.02666667
628.077 0.00126667
628.12 0.00065333
628.282 0.00133333
628.375 0.00133333
628.835 0.00106667
629.097 0.04000000
629.107 0.00160000
629.183 0.00100000
629.392 0.00186667
629.45 0.00146667
629.779 0.02000000
630.15 0.05333333
630.241 0.00013333
630.249 0.01333333
630.529 0.00005000
630.785 0.00022000
631.15 0.00113333
631.277 0.00008000
631.531 0.00486667
631.541 0.00153333
631.581 0.00506667
631.737 0.00002800
631.802 0.04000000
631.936 0.00003600
632.269 0.00666667
632.852 0.00015333
633.085 0.00080000
633.085 0.00126667
633.196 0.00008667
633.533 0.03000000
633.616 0.00013333
633.682 0.03666667
633.888 0.00173333
634.415 0.00286667
634.519 0.00003333
634.755 0.00008000
634.863 0.00018667
634.914 0.00002867
635.054 0.00010000
635.127 0.00013333
635.384 0.00038000
635.503 0.03000000
635.716 0.00054667
635.781 0.00027333
635.863 0.01666667
635.87 0.02333333
635.937 0.00100000
636.247 0.00012000
636.288 0.02000000
636.437 0.00666667
636.469 0.00420000
636.712 0.00065333
636.743 0.00021333
636.838 0.00025333
636.863 0.00018000
636.902 0.00017333
636.945 0.00005600
637.028 0.00014000
637.114 0.00016667
637.172 0.00048667
637.451 0.00306667
637.453 0.00306667
637.567 0.00006667
637.58 0.00048667
637.62 0.00035333
637.768 0.00012000
638.074 0.03666667
638.209 0.00004200
638.373 0.00160000
638.546 0.00052000
638.572 0.00034667
638.671 0.00001800
638.93 0.00001333
639.254 0.00023333
639.36 0.03000000
639.371 0.00028667
639.797 0.00002533
639.965 0.00002867
640.0 0.04666667
640.032 0.00047333
640.102 0.00000000
640.509 0.00000000
640.802 0.01000000
640.833 0.00002933
640.834 0.00004267
641.111 0.00011333
641.165 0.02000000
641.22 0.00002067
641.426 0.00004267
641.555 0.00003533
641.693 0.00036667
641.693 0.00040000
641.746 0.00003667
641.964 0.00018000
641.964 0.00028000
641.995 0.00366667
642.006 0.00003733
642.135 0.01333333
642.416 0.00000000
642.45 0.00000000
642.456 0.00001200
642.506 0.00000000
642.572 0.00002867
643.085 0.02333333
643.268 0.00050000
643.382 0.00000000
643.488 0.00001133
643.641 0.00048667
643.698 0.00000000
643.846 0.00001733
643.876 0.00016667
643.956 0.00001267
644.072 0.00001067
644.296 0.00028667
644.516 0.00003933
644.61 0.00005733
644.641 0.00566667
645.37 0.00000000
645.515 0.00002067
645.584 0.00018000
645.638 0.00233333
645.88 0.00001467
645.929 0.00001733
646.028 0.00000000
646.272 0.00613333
646.39 0.00003400
646.44 0.00036000
646.466 0.00015333
646.568 0.00003867
646.912 0.00020667
646.919 0.00246667
647.215 0.00002267
647.562 0.00206667
647.661 0.00001400
648.009 0.00022667
648.187 0.01666667
648.22 0.00006467
648.395 0.00006667
648.536 0.00001600
648.605 0.00000000
648.734 0.00001267
648.84 0.00002733
648.932 0.00000000
649.125 0.00012000
649.167 0.00002933
649.304 0.00140000
649.45 0.00042000
649.498 0.07000000
649.521 0.00000000
649.574 0.00073333
649.647 0.00173333
649.694 0.00000000
649.726 0.00000000
649.75 0.00000000
649.894 0.00051333
649.962 0.00002933
650.048 0.00001200
650.167 0.00034000
650.418 0.00008667
650.451 0.00001933
650.634 0.00011333
650.962 0.00034667
651.074 0.00001400
651.608 0.00580000
651.703 0.00022667
651.789 0.00000000
651.837 0.00300000
651.877 0.00004333
651.976 0.00001467
652.473 0.00006400
652.853 0.00120000
653.115 0.00004667
653.178 0.00002133
653.393 0.00086667
653.447 0.00004133
653.504 0.00000000
653.849 0.00020000
654.0 0.00030667
654.022 0.00002400
654.137 0.00011333
654.38 0.00006133
654.624 0.05000000
654.758 0.00003267
654.839 0.00010000
654.949 0.00000000
655.063 0.00005267
655.08 0.00001333
655.086 0.00005800
655.168 0.00033333
655.233 0.00004333
655.455 0.00006667
655.587 0.00006200
655.633 0.00002000
655.679 0.00048667
655.951 0.00002067
655.977 0.00008667
655.989 0.00001467
656.111 0.00002400
656.22 0.00021333
656.538 0.00022000
656.922 0.02000000
657.117 0.00014000
657.142 0.00036667
657.176 0.00002000
657.349 0.00003667
657.423 0.00333333
657.449 0.00001333
657.502 0.00580000
657.616 0.00001667
658.121 0.00146667
658.458 0.00008000
658.671 0.00033333
659.131 0.00061333
659.261 0.00005067
659.291 0.06666667
659.387 0.01333333
659.509 0.00001533
659.646 0.00004467
659.756 0.00453333
659.831 0.00016000
660.003 0.00022000
660.112 0.00004000
660.15 0.00046000
660.32 0.00012000
660.334 0.00013333
660.459 0.00073333
660.803 0.00120000
660.895 0.00033333
660.911 0.01333333
660.924 0.00001867
660.968 0.00054667
660.968 0.00093333
661.075 0.00002467
661.327 0.00004467
661.382 0.00113333
661.417 0.00048667
661.495 0.00005467
661.844 0.00012667
662.197 0.00021333
662.241 0.00013333
662.379 0.00020000
662.502 0.00366667
662.724 0.00020000
662.754 0.00393333
663.066 0.00012667
663.198 0.00015333
663.341 0.00426667
663.375 0.03000000
663.411 0.00486667
663.696 0.00021333
663.988 0.00173333
664.268 0.00018667
664.306 0.00003000
664.537 0.00016000
664.693 0.00120000
664.769 0.00008000
664.808 0.00113333
665.098 0.00008667
665.385 0.00180000
666.323 0.00546667
666.344 0.03666667
666.447 0.00005333
666.543 0.00028000
666.742 0.00056667
666.771 0.00080000
667.268 0.00012000
667.381 0.00006333
667.686 0.00011333
667.799 0.10000000
667.884 0.00006333
667.974 0.00006400
668.224 0.00014667
668.548 0.00003733
668.687 0.00004533
668.749 0.00113333
669.227 0.00058667
669.247 0.00007333
669.31 0.00004600
669.323 0.00003867
669.848 0.00086667
669.914 0.00093333
670.154 0.00008667
670.357 0.00453333
670.448 0.00120000
670.51 0.00666667
670.743 0.00080000
670.888 0.00014000
671.032 0.00420000
671.182 0.00030667
671.244 0.00035333
671.305 0.00513333
671.32 0.00193333
671.374 0.00360000
671.538 0.00413333
671.624 0.00526667
671.73 0.00020667
671.753 0.00440000
671.881 0.00004667
671.964 0.00012667
672.138 0.00002267
672.437 0.00004867
672.536 0.00660000
672.667 0.01000000
673.029 0.00100000
673.206 0.00220000
673.206 0.00360000
673.315 0.00666667
673.501 0.00014000
673.653 0.00146667
673.727 0.00066667
673.799 0.00633333
673.952 0.00553333
674.51 0.00626667
674.596 0.00313333
674.695 0.00100000
674.812 0.00032667
674.885 0.00036000
674.999 0.00014000
675.015 0.08000000
675.271 0.02000000
675.346 0.00146667
675.438 0.00640000
675.5 0.00153333
675.56 0.01000000
675.717 0.00014000
676.062 0.00160000
676.363 0.00024667
676.411 0.00120000
676.551 0.00048667
676.748 0.00026667
676.966 0.00086667
677.073 0.00180000
677.09 0.00044000
677.724 0.00056000
677.741 0.00186667
677.954 0.00010667
678.327 0.00073333
678.37 0.00193333
678.506 0.00054000
678.574 0.00126667
678.585 0.00086667
678.643 0.00153333
678.686 0.01000000
678.716 0.00017333
679.254 0.00062667
679.326 0.00486667
679.462 0.00052000
679.605 0.00153333
679.612 0.00200000
679.826 0.00016667
680.187 0.00036667
680.314 0.00036667
680.383 0.00045333
680.4 0.01333333
680.427 0.00373333
680.684 0.01333333
681.026 0.03333333
681.397 0.00045333
681.474 0.00022667
681.514 0.00031333
681.525 0.00036000
681.729 0.00034667
681.959 0.00044667
681.999 0.00020000
682.037 0.01666667
682.06 0.00005933
682.482 0.00012667
682.836 0.00022667
682.859 0.03666667
683.323 0.00026667
683.457 0.00014000
683.695 0.00126667
683.701 0.00640000
683.983 0.00366667
684.134 0.06000000
684.166 0.00093333
684.269 0.01000000
684.324 0.00120000
684.366 0.04000000
684.466 0.00008000
684.534 0.00006667
684.76 0.00008000
685.163 0.00008000
685.189 0.00021333
685.482 0.00036667
685.516 0.09000000
685.563 0.00036000
685.571 0.00022667
685.607 0.00005667
685.725 0.00100000
685.725 0.00573333
685.785 0.00160000
685.815 0.01666667
686.029 0.00010667
686.099 0.00024667
686.194 0.00012000
686.251 0.01000000
686.613 0.00014667
687.073 0.00120000
687.17 0.00052667
687.6 0.00006667
687.754 0.00014000
687.827 0.00009333
688.063 0.00013333
688.234 0.00146667
688.45 0.00126667
688.576 0.01333333
689.5 0.00106667
689.617 0.00106667
690.565 0.00253333
690.638 0.00026667
690.781 0.00011333
690.864 0.00018667
691.668 0.03000000
692.203 0.00340000
692.788 0.00113333
693.2 0.00100000
694.52 0.05333333
695.124 0.01000000
695.267 0.00120000
696.302 0.00086667
697.193 0.00086667
697.208 0.00086667
697.575 0.00020000
697.885 0.05333333
698.52 0.00086667
698.74 0.00054000
699.988 0.02333333