410.966 0.00833333
412.473 0.08333333
422.685 0.52777778
432.658 0.30555556
488.846 0.00031667
488.852 0.00316667
489.142 0.00035000
489.148 0.00350000
489.172 0.00001611
489.203 0.00000000
489.359 0.00161111
489.474 0.00038889
489.482 0.00388889
489.509 0.00001778
489.544 0.00000000
489.72 0.00177778
489.851 0.00043889
489.859 0.00438889
489.89 0.00001944
489.93 0.00000000
490.13 0.00194444
490.279 0.00048889
490.288 0.00488889
490.324 0.00002167
490.37 0.00001111
490.599 0.00222222
490.769 0.00055556
490.78 0.00555556
490.821 0.00002444
490.873 0.00001222
491.137 0.00244444
491.333 0.00061111
491.346 0.00611111
491.393 0.00002778
491.454 0.00001389
491.759 0.00277778
491.987 0.00072222
492.002 0.00722222
492.057 0.00003167
492.128 0.00001556
492.485 0.00316667
492.77 0.00833333
492.835 0.00003611
492.918 0.00001778
493.338 0.00361111
493.655 0.00094444
493.675 0.00944444
493.752 0.00004167
493.851 0.00002056
494.351 0.00416667
494.729 0.00111111
494.754 0.01111111
494.846 0.00004833
494.965 0.00002389
495.193 0.00083333
495.566 0.00483333
496.023 0.00133333
496.053 0.01333333
496.165 0.00005556
496.309 0.00002833
497.042 0.00555556
497.601 0.00155556
497.638 0.01555556
497.776 0.00006667
497.953 0.00003333
498.858 0.00666667
499.554 0.00188889
499.599 0.01888889
499.773 0.00007778
499.994 0.00003944
501.132 0.00777778
502.011 0.00227778
502.069 0.02277778
502.291 0.00009444
502.573 0.00004778
504.03 0.00944444
505.168 0.00283333
505.242 0.02833333
505.532 0.00011667
505.899 0.00006111
506.586 0.00322222
507.811 0.01166667
509.318 0.00361111
509.417 0.03611111
509.808 0.00014444
510.299 0.00007222
512.879 0.01500000
514.94 0.00466667
515.077 0.04666667
515.621 0.00018889
516.301 0.00009444
519.911 0.01944444
522.842 0.00611111
523.037 0.05555556
523.833 0.00024444
524.816 0.00012222
530.107 0.02555556
532.772 0.00344444
532.779 0.00172222
533.123 0.00383333
533.131 0.00188889
533.16 0.00000000
533.197 0.00001722
533.382 0.00344444
533.519 0.00427778
533.527 0.00211111
533.56 0.00000000
533.602 0.00001889
533.811 0.00383333
533.966 0.00477778
533.976 0.00238889
534.013 0.00001056
534.06 0.00002111
534.298 0.00427778
534.474 0.00533333
534.486 0.00266667
534.495 0.00888889
534.528 0.00001167
534.582 0.00002389
534.79 0.08333333
534.855 0.00477778
535.057 0.00611111
535.07 0.00300000
535.118 0.00001333
535.181 0.00002667
535.494 0.00538889
535.728 0.00666667
535.743 0.00344444
535.799 0.00001500
535.871 0.00003056
536.028 0.00033889
536.234 0.00611111
536.506 0.00777778
536.523 0.00388889
536.589 0.00001722
536.673 0.00003444
537.098 0.00666667
537.436 0.00450000
537.513 0.00001944
537.531 0.00017222
537.612 0.00003944
538.113 0.00777778
538.489 0.01055556
538.513 0.00522222
538.605 0.00002278
538.723 0.00004556
539.318 0.00888889
539.768 0.01222222
539.797 0.00611111
539.907 0.00002611
540.048 0.00005222
540.319 0.00888889
540.764 0.01055556
541.308 0.01444444
541.344 0.00722222
541.477 0.00003056
541.649 0.00006111
542.522 0.01222222
543.188 0.01722222
543.232 0.00833333
543.396 0.00003611
543.607 0.00007222
544.687 0.01444444
545.516 0.02055556
545.57 0.01000000
545.777 0.00004333
545.789 0.03611111
546.041 0.00008889
547.398 0.01722222
548.448 0.02500000
548.517 0.01222222
548.781 0.00005222
549.118 0.00010556
550.858 0.02111111
552.217 0.03111111
552.306 0.01555556
552.653 0.00006667
552.847 0.01277778
553.091 0.00012778
553.325 0.13888889
555.377 0.02611111
555.426 0.00050000
557.18 0.03944444
557.299 0.01944444
557.766 0.00007778
557.922 0.00025000
558.355 0.00016111
561.445 0.03277778
563.915 0.05111111
564.079 0.02555556
564.733 0.00010000
565.548 0.00020556
569.883 0.04222222
572.033 0.05500000
573.406 0.05555556
573.641 0.03444444
574.598 0.00013333
575.781 0.00027222
582.156 0.05555556
584.645 0.02166667
585.511 0.22222222
587.453 0.08333333
587.809 0.04833333
589.304 0.00018889
589.599 0.00083333
591.122 0.00037778
594.291 0.00041667
601.124 0.08333333
607.39 0.00001944
607.399 0.00000000
607.847 0.00002167
607.857 0.00001111
607.894 0.00194444
607.942 0.00394444
608.183 0.00049444
608.361 0.00002444
608.372 0.00001222
608.414 0.00216667
608.469 0.00438889
608.656 0.08333333
608.741 0.00054444
608.942 0.00002722
608.955 0.00001333
609.003 0.00244444
609.065 0.00488889
609.374 0.00061111
609.604 0.00003056
609.619 0.00001500
609.674 0.00272222
609.696 0.13888889
609.744 0.00544444
610.098 0.00066667
610.278 0.08333333
610.362 0.00003444
610.378 0.00001722
610.442 0.00305556
610.523 0.00611111
610.931 0.00077778
611.235 0.00003889
611.254 0.00001944
611.327 0.00344444
611.421 0.00666667
611.894 0.00088889
612.248 0.00004444
612.271 0.00002222
612.356 0.00394444
612.466 0.00777778
612.835 0.00027222
613.019 0.00100000
613.46 0.00002556
613.56 0.00450000
613.689 0.00888889
614.341 0.00111111
614.832 0.00006111
614.851 0.00000000
614.86 0.00002000
614.864 0.00002944
614.983 0.00516667
615.136 0.01055556
615.318 0.00001111
615.329 0.00002222
615.367 0.00400000
615.416 0.00040000
615.663 0.00005000
615.845 0.00001222
615.857 0.00002444
615.875 0.00055556
615.9 0.00444444
615.913 0.00127778
615.956 0.00044444
616.148 1.00000000
616.235 0.00005556
616.441 0.00001389
616.454 0.00002722
616.499 0.00006667
616.503 0.00494444
616.538 0.00003444
616.567 0.00049444
616.681 0.00611111
616.865 0.01222222
616.884 0.00006111
617.119 0.00001556
617.134 0.00003111
617.191 0.00550000
617.219 0.00005222
617.263 0.00055000
617.626 0.00006667
617.8 0.00150000
617.896 0.00001722
617.913 0.00003500
617.978 0.00611111
618.061 0.00061111
618.479 0.00007778
618.51 0.00008333
618.556 0.00004056
618.731 0.00722222
618.79 0.00002000
618.81 0.00003944
618.885 0.00722222
618.954 0.01388889
618.982 0.00072222
619.467 0.00008889
619.829 0.00002278
619.852 0.00004500
619.939 0.00777778
620.052 0.00077778
620.095 0.00177778
620.619 0.00010000
620.965 0.00009444
621.022 0.00004833
621.071 0.00005167
621.174 0.00888889
621.238 0.00833333
621.306 0.00088889
621.513 0.01666667
621.974 0.00011667
622.153 0.08333333
622.477 0.00003000
622.51 0.00006111
622.632 0.01055556
622.789 0.00105556
622.924 0.00211111
623.585 0.00013333
624.009 0.00011667
624.08 0.00006111
624.187 0.00003500
624.226 0.00007222
624.351 0.01000000
624.373 0.01222222
624.562 0.00122222
624.696 0.02000000
624.925 0.00002667
625.52 0.00015000
626.248 0.00004111
626.295 0.00008333
626.473 0.00250000
626.474 0.01444444
626.703 0.00144444
627.849 0.00014444
627.872 0.00017778
627.939 0.00007222
628.286 0.01166667
628.727 0.02388889
628.765 0.00004944
628.823 0.00010000
629.044 0.01666667
629.327 0.00166667
630.774 0.00021111
631.009 0.00300000
631.886 0.00006111
631.959 0.00011667
632.236 0.02000000
632.591 0.00200000
632.793 0.00017778
632.91 0.00008889
633.115 0.11111111
633.365 0.01444444
633.941 0.02944444
634.413 0.00025000
635.824 0.00007222
635.916 0.00014444
636.272 0.02444444
636.724 0.00244444
636.946 0.00372222
639.065 0.00030556
639.319 0.00022778
639.476 0.00011111
640.091 0.01833333
640.866 0.03666667
640.895 0.00008889
641.015 0.00017778
641.482 0.02944444
642.073 0.00300000
644.94 0.00472222
645.155 0.00037778
647.59 0.00011667
647.751 0.00022778
648.202 0.00029444
648.382 0.03722222
648.419 0.00014444
648.6 0.25000000
649.015 0.04333333
649.177 0.00372222
649.282 0.02333333
649.667 0.11111111
650.361 0.04722222
650.904 0.44444444
653.358 0.00047778
654.703 0.00045000
656.099 0.00611111
656.706 0.00015000
656.928 0.00029444
657.815 0.04777778
658.922 0.00477778
660.494 0.00094444
660.773 0.00039444
660.991 0.00161111
661.086 0.00020000
662.357 0.03111111
663.929 0.05555556
664.813 0.00061111
669.612 0.00020000
669.933 0.00040000
671.239 0.05555556
672.007 0.00083333
672.419 0.00833333
672.853 0.00611111
679.497 0.00055556
679.974 0.00027778
681.575 0.00083333
681.975 0.04333333
684.411 0.08333333
688.847 0.00028333
689.337 0.00055556
691.395 0.08333333
693.898 0.00888889
695.09 0.22222222
697.855 0.01166667