392.459 0.00529412
403.298 0.58823529
417.204 1.00000000
417.3 0.00049412
424.052 0.00054118
424.065 0.00054118
424.08 0.00054118
424.092 0.00054118
424.11 0.00054118
424.126 0.00054118
424.141 0.00054118
424.159 0.00054118
424.176 0.00054118
424.195 0.00054118
424.216 0.00054118
424.237 0.00054118
424.258 0.00054118
424.283 0.00054118
424.309 0.00054118
424.335 0.00054118
424.363 0.00054118
424.389 0.00054118
424.42 0.00054118
424.453 0.00054118
424.489 0.00054118
424.526 0.00054118
424.568 0.00054118
424.611 0.00054118
424.656 0.00054118
424.705 0.00054118
424.757 0.00054118
424.814 0.00054118
424.874 0.00054118
424.94 0.00054118
425.115 0.00024706
425.407 0.00107059
425.472 0.00054118
425.473 0.00054118
425.479 0.00054118
425.48 0.00054118
425.572 0.00176471
425.594 0.00006588
426.035 0.00054118
426.036 0.00054118
426.148 0.00007294
426.201 0.00235294
426.314 0.00007294
426.621 0.00054118
426.624 0.00054118
426.635 0.00054118
426.637 0.00054118
427.152 0.00054118
427.155 0.00054118
427.169 0.00054118
427.171 0.00054118
427.838 0.00054118
427.841 0.00054118
427.859 0.00054118
427.862 0.00054118
428.745 0.00054118
428.75 0.00054118
428.773 0.00054118
428.777 0.00054118
429.346 0.00054118
429.351 0.00054118
429.984 0.00054118
429.991 0.00054118
430.02 0.00054118
430.026 0.00054118
438.062 0.00052941
438.184 0.00060000
448.84 0.00176471
459.77 0.00352941
470.517 0.00411765
470.652 0.00411765
470.719 0.00411765
471.907 0.00411765
486.303 0.00647059
499.393 0.00411765
521.646 0.00109412
521.907 0.00017647
521.966 0.00176471
522.268 0.00017647
522.416 0.00017647
522.444 0.00017647
522.599 0.00017647
522.674 0.00017647
533.722 0.00092941
533.824 0.00176471
535.349 0.00078824
535.52 0.00011059
535.816 0.00085882
535.921 0.00063529
536.04 0.00411765
536.358 0.00052941
541.632 0.00101176
542.127 0.00050588
542.454 0.00010000
543.3 0.00074118
567.7 0.00054118
574.6 0.00061176
580.627 0.00047059
584.493 0.00117647
599.387 0.00176471
629.451 0.00045882
629.496 0.00035294
629.71 0.00082353
629.82 0.00058824
631.037 0.00049412
631.42 0.00062353
631.916 0.00089412
633.407 0.11647059
635.398 0.00117647
635.724 0.00117647
639.656 0.02294118
641.345 0.00080000
641.924 0.02823529
645.592 0.00176471
662.553 0.00470588
675.0 0.01117647
685.671 0.00529412
689.856 0.00529412
699.967 0.00235294