380.439 0.02000000
380.509 0.04000000
380.552 0.04000000
381.397 0.39000000
381.474 0.04000000
381.664 0.04000000
381.875 0.05500000
382.605 0.03000000
382.733 0.04000000
382.946 0.09500000
383.173 0.02000000
383.18 0.02500000
383.297 0.00740000
383.499 0.03500000
383.691 0.06500000
383.964 0.09000000
384.22 0.05500000
384.328 0.03500000
384.458 0.05000000
385.069 0.01500000
385.097 0.03000000
385.245 0.31500000
385.556 0.05000000
386.305 0.03000000
386.699 0.03500000
387.357 0.01500000
387.546 0.01500000
389.47 1.00000000
389.579 0.18000000
390.24 0.79500000
390.271 0.19500000
390.429 0.08000000
390.565 0.40500000
391.024 0.08500000
391.651 1.00000000
392.325 0.06500000
393.479 0.52500000
393.538 0.05500000
394.18 0.02500000
394.263 0.30000000
394.324 0.19500000
394.362 0.10000000
394.554 0.94500000
395.2 0.42000000
395.337 0.40500000
395.767 1.00000000
395.944 0.08000000
396.366 0.16500000
396.628 0.06000000
396.826 0.05000000
396.9 0.10000000
396.929 0.49500000
397.175 0.06500000
397.271 0.05000000
397.398 0.25500000
397.481 0.02500000
397.933 0.28500000
398.721 0.58500000
398.784 0.31500000
399.269 0.12000000
399.321 0.12000000
399.416 0.06500000
399.632 0.76500000
399.776 0.22500000
400.126 0.54000000
400.494 0.04500000
400.833 0.06500000
400.891 0.08500000
401.38 0.08500000
401.558 0.01500000
401.691 0.04000000
401.725 0.02500000
401.771 0.05500000
401.973 0.12000000
402.233 0.15000000
402.314 0.21000000
402.335 0.21000000
402.761 0.15000000
402.815 0.37500000
403.088 0.09000000
403.349 0.07500000
403.54 0.04000000
403.684 0.03500000
403.733 0.31500000
403.79 0.31500000
404.371 0.01500000
404.501 0.05500000
404.684 0.03000000
404.709 0.01500000
404.92 0.01500000
404.943 0.22500000
404.986 0.28500000
405.037 0.02000000
405.329 0.27000000
405.364 0.27000000
405.472 0.22500000
405.822 0.27000000
405.988 0.13500000
406.13 0.03000000
406.259 0.08000000
406.339 0.02500000
406.359 0.02500000
406.604 0.00820000
406.835 0.03000000
406.874 0.01500000
407.029 0.22500000
407.32 0.22500000
407.376 0.28500000
407.844 0.04500000
407.87 0.06000000
408.37 0.03000000
408.556 0.31500000
408.769 0.31500000
409.041 0.31500000
409.271 0.33000000
409.372 0.05000000
409.448 0.08000000
409.861 0.08500000
409.89 0.34500000
410.026 0.05000000
411.144 0.05500000
413.037 0.60000000
413.148 0.15000000
413.228 0.09000000
413.416 0.12000000
413.71 0.18000000
414.886 0.04000000
416.273 0.16500000
416.309 0.08000000
416.716 0.06000000
417.554 0.31500000
417.726 0.06000000
418.425 0.37500000
419.078 0.24000000
419.107 0.24000000
419.163 0.09500000
419.768 0.22500000
420.486 0.07000000
421.2 0.39000000
421.502 0.54000000
421.72 0.27000000
422.503 0.04500000
422.585 0.45000000
422.714 0.16500000
422.98 0.07000000
423.878 0.51000000
424.657 0.19500000
425.173 0.37500000
425.337 0.07000000
425.361 0.07000000
426.012 0.08500000
426.209 0.51000000
426.66 0.22500000
426.7 0.18000000
427.417 0.46500000
427.996 0.01500000
428.049 0.64500000
428.582 0.18000000
428.612 0.18000000
429.608 0.46500000
429.717 0.22500000
429.929 0.04500000
430.634 0.39000000
430.929 0.03500000
431.384 0.30000000
431.428 0.00480000
431.44 0.15000000
431.605 0.21000000
432.052 0.06500000
432.111 0.05500000
432.557 0.00350000
432.569 0.34500000
432.712 0.28500000
432.958 0.05500000
433.061 0.05500000
433.138 0.00900000
434.128 0.15000000
434.218 0.15000000
434.43 0.04000000
434.646 0.12000000
434.662 0.04000000
434.731 0.08500000
436.977 0.60000000
437.383 0.51000000
439.206 0.18000000
440.186 0.39000000
440.314 0.19500000
440.667 0.42000000
440.825 0.31500000
440.925 0.02000000
441.116 0.21000000
441.416 0.19500000
441.473 0.18000000
441.903 0.31500000
442.241 0.16500000
443.063 0.22500000
443.61 0.00550000
444.591 0.00490000
446.474 0.03000000
446.655 0.28500000
446.708 0.07000000
447.413 0.22500000
447.612 0.16500000
447.88 0.15000000
448.106 0.21000000
448.333 0.27000000
448.47 0.05500000
448.69 0.22500000
449.713 0.36000000
449.732 0.02500000
450.621 0.21000000
450.633 0.16500000
451.45 0.10500000
451.966 0.22500000
452.282 0.06500000
452.412 0.01000000
453.781 0.24000000
454.002 0.34500000
454.203 0.09000000
454.8 0.10500000
455.808 0.07500000
457.381 0.01000000
457.591 0.01000000
457.959 0.04500000
458.129 0.09500000
458.253 0.03500000
458.307 0.13500000
458.699 0.05500000
459.698 0.09500000
459.791 0.15000000
459.89 0.07500000
460.105 0.15000000
460.293 0.04000000
461.45 0.16500000
462.442 0.04500000
463.664 0.12000000
463.9 0.12000000
464.004 0.05000000
464.6 0.06500000
464.764 0.04000000
464.859 0.04000000
465.354 0.07000000
467.087 0.00740000
467.918 0.04500000
468.004 0.09000000
468.333 0.15000000
468.425 0.01000000
468.812 0.02500000
469.433 0.07500000
469.549 0.03500000
469.742 0.15000000
470.313 0.06500000
470.978 0.12000000
471.506 0.00660000
472.146 0.02000000
472.847 0.12000000
473.26 0.24000000
473.575 0.12000000
474.365 0.22500000
474.582 0.01500000
475.87 0.03000000
476.074 0.03500000
476.382 0.02000000
476.724 0.10500000
478.192 0.18000000
478.279 0.00540000
478.462 0.09000000
478.675 0.03500000
480.105 0.16500000
480.745 0.08000000
482.169 0.19500000
483.526 0.18000000
484.81 0.06000000
486.259 0.07000000
486.502 0.27000000
487.15 0.06500000
493.412 0.00400000
493.861 0.16500000
495.247 0.02500000
495.879 0.16500000
497.672 0.00560000
501.082 0.10000000
501.174 0.02000000
501.504 0.13500000
502.313 0.03500000
503.129 0.16500000
503.909 0.00450000
505.088 0.37500000
507.374 0.00620000
508.28 0.00300000
509.17 0.10500000
509.225 0.06000000
509.606 0.03500000
509.838 0.06000000
510.094 0.07500000
510.345 0.12000000
510.891 0.13500000
512.406 0.00830000
512.556 0.12000000
513.028 0.05000000
513.559 0.04000000
513.604 0.05500000
514.084 0.07000000
514.15 0.05500000
514.268 0.04000000
515.584 0.08500000
515.676 0.06500000
515.848 0.00320000
516.37 0.05500000
516.454 0.00230000
517.628 0.07500000
518.724 0.02000000
518.788 0.02000000
519.108 0.04500000
519.777 0.04500000
521.049 0.00190000
521.748 0.10000000
521.94 0.10000000
522.03 0.08000000
523.393 0.08500000
524.687 0.10500000
525.118 0.18000000
525.214 0.09000000
525.475 0.10000000
525.58 0.08000000
526.878 0.18000000
527.291 0.10000000
528.248 0.10500000
528.308 0.10500000
530.167 0.19500000
530.276 0.18000000
530.67 0.07000000
530.73 0.18000000
532.15 0.05000000
532.178 0.06500000
532.732 0.12000000
532.83 0.06500000
533.33 0.09500000
533.753 0.08000000
534.3 0.03000000
534.513 0.03000000
534.568 0.02500000
534.795 0.05000000
534.867 0.05000000
535.038 0.06000000
535.326 0.06000000
536.166 0.02000000
536.538 0.02000000
536.596 0.06500000
536.992 0.02500000
537.063 0.05000000
538.95 0.12000000
541.262 0.03500000
541.32 0.04500000
541.569 0.05500000
545.346 0.04000000
555.33 0.10000000
558.368 0.06500000
558.788 0.08500000
559.185 0.06000000
561.791 0.07500000
562.955 0.08500000
563.225 0.04000000
564.324 0.06500000
565.898 0.08000000
569.622 0.12000000
570.135 0.12000000
570.942 0.06000000
573.386 0.07500000
574.636 0.02500000
575.417 0.08500000
577.602 0.06500000
578.696 0.12000000
579.138 0.02500000
579.68 0.02500000
580.292 0.04000000
580.772 0.00520000
580.922 0.07000000
581.585 0.12000000
584.047 0.12000000
585.163 0.22500000
585.524 0.09500000
585.622 0.12000000
586.073 0.13500000
586.209 0.30000000
587.726 0.16500000
588.646 0.16500000
590.407 0.22500000
590.456 0.24000000
591.145 0.10000000
591.355 0.33000000
591.677 0.27000000
593.029 0.21000000
593.684 0.27000000
593.771 0.25500000
595.16 0.12000000
595.648 0.31500000
597.725 0.16500000
598.785 0.43500000
598.802 0.06000000
599.908 0.15000000
600.457 0.70500000
600.871 0.33000000
602.113 0.34500000
608.065 0.79500000
611.407 0.66000000
618.042 1.00000000
628.973 0.28500000
629.287 0.16500000
630.515 0.82500000
630.911 0.07000000
631.719 0.07000000
633.135 0.15000000
633.375 0.00170000
633.634 0.10500000
634.665 0.27000000
635.172 0.04000000
636.323 0.01500000
638.095 0.40500000
638.219 0.24000000
640.855 0.01000000
642.242 0.28500000
642.452 0.05500000
647.029 0.05000000
648.011 0.19500000
653.815 0.21000000
654.925 0.10500000
656.478 0.10000000
656.8 0.09500000
657.38 0.03500000
659.16 0.13500000
659.342 0.02500000
661.004 0.04000000
663.436 0.28500000
664.008 0.07000000
664.276 0.00890000
664.398 0.01500000
664.685 0.02000000
665.355 0.00017000
667.956 0.07500000
668.123 0.30000000
669.286 0.07000000
670.418 0.06000000
671.814 0.10500000
672.783 0.13500000
673.073 0.25500000
675.267 0.52500000
675.391 0.18000000
678.339 0.12000000
678.633 0.37500000
678.718 0.06000000
681.456 0.19500000
681.649 0.25500000
682.09 0.31500000
682.825 0.69000000
684.66 0.76500000
685.713 0.34500000
686.425 0.00028000
688.763 0.08500000
690.073 0.18000000
691.657 0.72000000
692.062 0.10500000
692.499 0.05500000
692.649 0.04000000
694.598 0.07000000
695.774 0.07000000
695.924 0.08000000
696.433 0.03500000
697.166 0.42000000
697.635 0.33000000
697.827 0.19500000
698.086 0.19500000
698.589 0.58500000
698.875 0.02500000
699.192 0.30000000
699.318 0.04000000
699.676 0.37500000