388.478 0.27750000
417.896 0.30000000
422.656 1.00000000
424.541 0.21000000
426.085 0.18000000
429.171 0.29250000
439.165 0.10500000
439.179 0.06750000
466.231 0.02500000
467.127 0.04250000
467.436 0.01250000
468.583 0.01250000
468.987 0.09000000
469.002 0.06000000
474.181 0.22500000
481.461 0.43500000
482.41 0.02250000
489.874 0.09750000
493.408 0.09750000
494.128 0.20250000
501.688 0.29250000
513.175 0.36000000
513.475 0.04750000
517.846 0.02250000
517.865 0.30000000
518.41 0.01250000
519.459 0.00750000
519.522 0.02250000
520.565 0.06750000
520.584 0.05000000
522.937 0.02250000
525.661 0.02000000
526.589 0.04750000
551.326 0.05250000
552.299 0.13500000
556.474 0.06750000
560.701 0.07500000
561.614 0.05250000
562.143 0.06000000
565.596 0.07500000
566.423 0.05250000
566.484 0.04500000
569.196 0.08250000
570.178 0.05250000
571.788 0.04500000
580.103 0.03500000
580.209 0.05250000
589.339 1.00000000
602.104 0.50000000
607.839 0.11250000
626.714 0.02500000
626.807 0.07500000
626.834 0.05250000
628.345 0.05250000
633.638 0.03750000
648.418 0.15750000
655.749 0.06750000
678.051 0.34500000
696.632 0.15000000