381.976 0.00305000
386.747 0.01000000
386.748 0.00000000
386.763 0.00290000
387.179 0.00400000
388.865 1.00000000
392.654 0.00500000
396.473 0.03750000
400.926 0.00750000
402.397 0.00365000
402.619 0.05250000
402.636 0.00365000
412.082 0.03000000
412.099 0.00750000
414.376 0.09750000
416.897 0.04250000
438.793 0.11250000
443.755 0.49500000
447.148 0.08250000
447.168 0.00500000
471.315 0.37500000
471.338 0.06750000
492.193 0.12000000
501.568 0.17250000
504.774 0.03000000
587.562 1.00000000
587.597 0.01000000
667.815 0.43500000