380.607 0.09428571
381.178 0.01428571
381.72 0.07714286
381.938 0.10714286
382.073 0.02714286
382.967 0.02000000
383.002 0.06428571
384.918 0.14142857
384.952 0.03857143
385.831 0.05571429
386.091 0.06857143
387.255 0.26142857
387.71 0.42857143
388.082 0.22714286
388.252 1.00000000
388.377 0.04285714
388.923 0.04714286
388.933 0.05571429
389.994 0.24857143
391.809 0.42857143
392.39 0.21857143
392.642 0.18428571
392.757 0.18428571
392.954 0.05571429
393.138 0.19285714
393.565 0.28571429
393.904 0.16714286
395.183 0.42857143
396.801 0.12000000
397.348 0.71428571
403.227 0.07714286
404.796 0.28571429
406.284 0.11571429
406.621 0.11142857
408.335 0.11571429
409.316 0.27857143
410.423 0.12857143
410.658 0.17142857
411.353 0.18857143
411.86 0.05571429
412.78 0.14142857
414.576 0.17571429
416.236 0.11571429
416.269 0.11142857
417.434 0.09428571
419.095 0.12428571
420.658 0.28285714
420.97 0.14142857
422.808 0.04285714
423.244 0.10714286
426.098 0.17571429
426.339 0.17571429
427.285 0.18428571
429.479 0.28571429
431.814 0.09000000
433.027 0.06000000
433.666 0.21428571
435.051 0.14142857
435.633 0.15857143
436.79 0.42857143
437.097 0.71428571
441.735 0.20571429
441.791 0.10285714
443.804 0.28571429
445.734 0.08571429
446.118 0.08142857
454.093 0.26142857
456.594 0.42857143
459.88 0.11142857
462.086 0.21000000
465.519 0.28285714
469.901 0.17571429
478.274 0.28571429
480.05 0.28714286
485.924 0.12428571
497.525 0.15428571
501.82 0.07714286
502.175 0.01571429
504.082 0.57142857
504.745 0.05571429
507.965 0.57142857
511.213 0.12428571
512.853 0.28571429
515.796 0.12857143
516.742 0.03000000
517.018 0.09428571
518.186 0.18428571
518.684 0.02428571
518.775 0.18000000
524.399 0.04714286
524.71 0.20571429
526.044 0.15000000
526.495 0.28571429
527.504 0.02000000
528.609 0.01000000
529.487 0.01428571
529.806 0.12000000
530.782 0.01142857
530.968 0.02000000
531.16 0.57142857
532.426 0.11142857
534.63 0.10285714
535.473 0.03000000
537.386 0.09428571
538.934 0.07714286
539.136 0.01857143
540.447 0.01714286
542.402 0.04714286
543.578 0.00714286
543.874 0.00857143
544.407 0.03428571
545.292 0.01428571
546.338 0.10714286
549.73 0.00857143
551.012 0.00428571
551.045 0.01571429
552.435 0.06428571
553.802 0.00571429
553.826 0.00428571
555.06 0.04714286
555.212 0.06428571
557.586 0.07285714
560.077 0.02000000
561.327 0.03428571
561.401 0.00857143
562.827 0.01000000
565.083 0.01428571
571.328 0.00428571
571.918 0.03000000
574.872 0.03857143
576.718 0.07714286
580.95 0.06000000
581.747 0.00428571
584.223 0.03857143
584.587 0.00220000
584.777 0.00180000
588.366 0.02142857
592.647 0.06000000
593.369 0.22714286
597.428 0.17571429
597.472 0.03428571
597.866 0.09428571
599.296 0.03428571
601.679 0.15428571
605.417 0.15857143
609.867 0.15428571
618.513 0.19285714
621.07 0.09857143
621.682 0.06857143
623.858 0.03857143
624.895 0.13714286
629.954 0.04285714
631.185 0.04285714
631.833 0.02714286
633.81 0.03857143
638.019 0.02000000
638.623 0.06000000
640.952 0.01428571
655.65 0.01285714
658.723 0.01428571
664.46 0.18857143
664.706 0.08142857
665.94 0.00428571
671.348 0.11142857
675.461 0.18857143
676.995 0.03857143
678.927 0.22714286
681.894 0.28571429
682.656 0.03857143
685.007 0.12857143
685.87 0.10714286
691.14 0.24000000
692.619 0.10714286
697.959 0.00857143
698.091 0.08571429