380.351 0.00000000
380.631 0.04285714
381.58 0.00040000
382.04 0.00000000
383.926 0.01000000
386.085 0.00000000
388.318 0.00000000
389.386 0.00031429
390.187 0.00234286
390.364 0.00045714
390.637 0.00428571
390.932 0.00000000
391.337 0.00000000
391.926 0.00000000
394.037 0.00025714
394.567 0.00000000
394.628 0.00000000
395.632 0.00000000
397.44 0.00000000
398.392 0.00051429
398.393 0.04285714
402.595 0.00428571
402.62 0.00000000
404.058 0.00005143
404.657 0.22714286
407.784 0.00714286
410.805 0.00154286
412.044 0.00428571
412.207 0.00197143
414.0 0.00065714
414.034 0.02714286
421.674 0.01000000
427.622 0.00000000
427.8 0.00185714
431.405 0.00000000
433.71 0.00000000
433.922 0.03857143
434.363 0.00571429
434.749 0.06000000
435.834 1.00000000
438.255 0.00000000
439.862 0.08571429
440.485 0.01285714
442.522 0.00571429
445.44 0.00428571
445.549 0.00428571
445.905 0.00000000
446.388 0.00019429
447.058 0.00000000
449.155 0.00000000
449.283 0.00131429
455.284 0.00571429
466.022 0.02000000
467.083 0.00008286
467.172 0.00008000
467.292 0.00008000
468.382 0.00007143
468.493 0.00007143
468.639 0.00006857
468.656 0.00000000
469.98 0.00006571
470.117 0.00006286
470.301 0.00006286
470.305 0.00006286
470.463 0.01285714
471.974 0.00006000
472.151 0.00005714
472.381 0.00005429
472.392 0.00005429
474.515 0.00005714
474.746 0.00005429
475.039 0.00005429
475.056 0.00005429
476.227 0.00428571
477.812 0.00004286
478.127 0.00004286
478.515 0.00004286
478.535 0.00004286
479.701 0.01428571
482.22 0.00045714
482.659 0.00010571
482.773 0.00000000
483.188 0.00012857
483.224 0.00065714
485.558 0.03857143
486.985 0.00000000
488.033 0.00024571
488.3 0.00428571
488.949 0.00054286
489.691 0.00428571
489.748 0.00080000
491.607 0.06857143
491.633 0.00001371
496.01 0.00000000
496.187 0.00285714
497.037 0.00000000
497.357 0.00000000
498.064 0.00162857
499.16 0.00428571
499.259 0.00024857
501.728 0.00000000
502.56 0.00000000
502.561 0.00428571
504.58 0.00234286
510.27 0.00000000
512.064 0.00211429
512.844 0.01571429
513.794 0.00102857
513.993 0.00051429
516.236 0.00031429
519.619 0.00231429
521.082 0.00714286
521.89 0.00128571
522.292 0.01000000
524.217 0.00000000
529.074 0.00000000
529.325 0.00001286
529.418 0.00002571
531.607 0.00000000
531.678 0.00857143
535.403 0.01285714
536.55 0.00000000
538.463 0.01142857
538.881 0.00571429
539.347 0.00428571
540.48 0.00000000
542.525 0.01285714
546.075 0.42857143
546.529 0.00000000
554.963 0.00714286
559.527 0.00857143
567.581 0.00108571
567.71 0.00428571
569.571 0.00000000
569.859 0.00031429
576.961 0.09857143
578.969 0.05571429
579.067 0.10285714
580.378 0.00428571
581.83 0.00000000
585.176 0.00045714
585.925 0.00182857
587.09 0.00000000
587.128 0.01000000
587.157 0.00285714
587.192 0.00000000
587.198 0.00085714
588.894 0.00237143
589.02 0.00428571
591.85 0.00000000
594.768 0.00071429
596.151 0.00205714
597.892 0.00000000
603.265 0.00000000
604.104 0.00000000
607.264 0.00077143
608.979 0.00140000
610.01 0.00000000
610.033 0.00108571
612.327 0.00077143
614.177 0.00000000
614.644 0.01857143
614.685 0.00177143
614.948 0.02428571
615.2 0.00000000
615.714 0.00000000
615.83 0.00001171
619.429 0.00000000
619.641 0.00122857
622.035 0.00091429
623.436 0.00031429
624.222 0.00012571
629.123 0.00714286
636.02 0.00001114
639.489 0.01285714
641.898 0.01571429
650.138 0.00285714
652.109 0.00714286
658.426 0.00000000
661.012 0.00000000
664.668 0.00285714
670.16 0.00000000
670.203 0.00000000
670.929 0.00000000
671.634 0.01857143
672.11 0.00000000
672.52 0.00000000
674.1 0.00025429
674.71 0.00000000
675.09 0.00000000
677.32 0.00000000
678.46 0.00000000
681.16 0.00000000
682.7 0.00000000
686.1 0.00000000
687.07 0.00282857
688.04 0.00000000
688.856 0.00428571
690.746 0.00002000
691.56 0.00000000
692.43 0.00000000
693.4 0.00000000
694.41 0.00000000
694.547 0.00000000
695.07 0.00000000