381.186 0.80000000
381.325 0.02600000
382.173 0.60000000
382.927 0.60000000
383.19 0.01000000
383.535 0.01000000
383.751 0.02400000
384.205 0.01200000
384.386 0.01600000
384.673 0.01600000
384.988 0.40000000
385.24 0.40000000
385.407 0.03000000
385.694 0.01200000
385.772 0.00600000
386.168 0.06600000
386.262 0.80000000
387.205 0.01600000
387.409 0.01600000
387.468 0.01200000
388.161 0.01400000
388.896 0.09600000
389.042 0.01200000
389.102 0.60000000
389.676 0.01400000
390.223 0.03000000
390.444 0.01600000
390.568 0.12600000
391.18 0.01800000
391.945 0.06000000
393.644 0.25800000
393.885 0.05400000
394.053 0.33600000
395.056 0.15600000
395.573 0.23400000
395.951 0.05400000
395.968 0.07800000
397.588 0.04800000
397.693 0.09600000
398.571 0.13200000
399.373 0.12000000
399.958 0.06000000
400.259 0.03000000
400.339 0.04000000
401.35 0.40000000
401.42 0.01600000
401.809 0.01000000
402.276 0.40000000
402.394 0.01200000
402.539 0.01000000
402.721 0.01600000
402.886 0.01200000
403.18 0.01000000
403.762 0.00600000
403.887 0.01000000
404.081 0.36000000
404.752 0.00600000
405.393 0.37800000
405.448 0.00280000
405.755 0.00172000
406.031 0.00244000
406.509 0.00800000
406.757 0.18600000
406.805 0.00600000
407.183 0.32400000
407.313 0.00332000
407.351 0.30600000
408.023 0.06000000
408.367 0.00148000
408.509 0.07200000
408.735 0.00208000
408.759 0.00204000
409.164 0.05400000
409.478 0.05400000
410.022 0.00216000
410.384 0.19800000
410.504 0.06000000
410.65 0.00196000
410.736 0.04800000
410.862 0.05400000
411.2 0.00248000
411.272 0.00132000
411.673 0.00316000
412.02 0.07800000
412.565 0.04000000
412.716 0.29400000
413.454 0.01000000
413.622 0.08400000
413.934 0.27600000
414.219 0.00400000
414.897 0.00600000
415.261 0.04800000
416.303 0.24600000
417.223 0.00600000
417.323 0.13800000
419.435 0.06000000
419.808 0.18000000
420.321 0.24000000
421.13 0.00600000
422.229 0.00124000
422.347 0.00120000
422.704 0.27000000
422.952 0.00056000
423.124 0.01000000
424.378 0.00252000
425.443 0.40000000
425.861 0.02000000
426.405 0.14400000
426.604 0.06000000
427.363 0.04200000
431.104 0.19800000
433.064 0.07800000
433.713 0.12000000
434.684 0.07800000
435.073 0.22200000
435.673 0.12600000
436.393 0.05400000
437.914 0.03000000
438.483 0.02200000
440.055 0.60000000
440.124 0.01000000
440.327 0.01000000
442.056 0.00600000
444.463 0.60000000
447.359 0.13200000
447.764 0.16800000
448.457 0.30000000
451.082 0.27000000
452.614 0.19800000
453.008 0.26400000
453.128 0.13800000
453.165 0.32400000
453.458 0.21000000
456.252 1.00000000
460.932 0.12000000
461.337 0.10800000
461.884 0.05400000
462.822 0.06000000
462.91 0.18000000
464.977 0.21000000
466.133 0.09600000
467.462 0.09600000
470.117 0.03200000
470.169 0.03200000
470.984 0.02200000
471.139 0.39600000
471.752 0.01000000
472.872 0.39000000
473.8 0.36000000
474.204 0.08400000
474.909 0.01200000
475.14 0.16800000
475.701 0.01000000
476.239 0.00800000
476.357 0.13800000
477.748 0.00364000
477.942 0.06000000
478.119 0.13800000
478.292 0.12600000
478.629 0.10800000
479.148 0.07200000
479.592 0.07800000
479.887 0.10800000
481.292 0.09600000
483.231 0.01800000
483.332 0.18600000
485.554 0.19200000
486.039 0.29400000
488.967 0.25800000
489.235 0.27600000
489.644 0.30600000
490.699 0.01800000
492.273 0.60000000
493.489 0.19800000
493.901 0.01200000
494.68 0.09600000
494.818 0.14400000
495.942 0.12000000
496.103 0.06600000
496.673 0.09600000
496.721 0.01000000
497.997 0.00600000
498.896 0.10800000
499.505 0.29400000
501.242 0.10800000
501.328 0.16800000
502.653 0.17400000
502.817 0.08400000
503.295 0.15000000
503.76 0.18000000
504.237 0.36600000
504.473 0.10200000
505.144 0.09000000
505.492 0.09000000
506.075 0.10200000
507.434 0.27600000
509.307 0.26400000
512.781 0.38400000
512.927 0.15000000
514.259 0.33000000
514.322 0.28200000
514.959 0.40000000
516.788 0.22200000
518.211 0.34800000
518.785 0.15600000
519.011 0.27000000
519.523 0.06000000
522.154 0.33000000
524.447 0.31800000
525.182 0.60000000
527.548 0.60000000
530.125 0.80000000
531.924 0.31200000
531.965 0.31200000
533.011 0.60000000
535.999 0.37200000
538.14 0.13200000
538.456 0.06600000
538.497 0.06600000
539.385 0.03000000
540.317 0.10200000
540.708 0.14400000
541.362 0.02000000
543.439 0.04000000
543.587 0.04800000
544.539 0.10800000
544.98 0.06600000
545.19 0.11400000
545.4 0.05400000
549.857 0.13800000
550.451 0.08400000
551.556 0.13200000
551.645 0.07800000
553.433 0.25800000
555.314 0.15000000
556.094 0.08400000
556.652 0.39600000
557.396 0.10200000
561.364 0.07800000
562.76 0.37800000
562.824 0.07800000
564.062 0.60000000
565.958 0.09000000
567.47 0.60000000
569.147 0.40000000
569.657 0.02200000
573.402 0.06600000
573.924 0.04200000
574.958 0.03800000
582.19 0.24000000
583.947 0.18600000
586.028 0.25200000
586.442 0.05400000
587.085 0.04000000
588.299 0.34200000
589.256 0.09600000
590.429 0.02800000
592.176 0.28200000
593.371 0.25200000
594.803 0.23400000
595.598 0.12600000
597.276 0.13200000
597.352 0.15600000
598.143 0.00800000
598.29 0.20400000
600.204 0.22200000
600.533 0.09000000
602.143 0.15000000
603.897 0.23400000
605.071 0.05400000
606.031 0.08400000
608.179 0.16200000
613.36 0.14400000
615.638 0.07800000
615.658 0.07800000
619.168 0.15600000
620.865 0.08400000
623.417 0.19800000
625.575 0.21600000
630.536 0.19800000
630.668 0.03000000
635.435 0.16800000
637.259 0.19200000
637.386 0.03800000
641.341 0.21600000
647.177 0.12000000
647.917 0.22800000
651.53 0.18000000
653.899 0.09000000
655.097 0.16200000
656.008 0.07800000
660.058 0.10200000
660.494 0.06000000
660.747 0.01400000
662.835 0.16200000
662.899 0.13800000
663.224 0.25800000
665.298 0.15000000
666.252 0.23400000
668.046 0.10800000
668.162 0.12000000
669.432 0.02800000
672.234 0.60000000
674.505 0.40000000
676.674 0.04800000
677.468 0.19800000
678.543 0.10800000
679.37 0.05400000
681.104 0.12000000
682.038 0.12000000
682.164 0.19200000
682.572 0.13800000
686.585 0.21600000
688.336 0.05400000
688.85 0.07200000
689.296 0.05400000
689.795 0.06000000
690.38 0.05400000
691.347 0.04800000
691.67 0.03000000
693.949 0.11400000
695.039 0.12000000
695.53 0.03400000
697.67 0.04800000