407.714 0.01960784
410.223 0.50000000
412.921 0.02941176
413.415 0.14705882
432.184 0.16666667
445.286 0.67647059
459.977 0.17647059
463.245 0.20588235
466.648 1.00000000
467.553 0.20588235
476.331 0.38235294
486.232 0.29411765
491.694 0.11764706
498.692 0.18627451
506.537 0.20588235
511.929 0.61764706
514.973 0.01509804
516.12 0.52941176
517.619 0.44117647
521.627 0.01000000
522.897 0.04901961
523.457 0.18627451
524.571 0.16666667
526.936 0.04901961
529.978 0.01392157
532.28 0.01725490
533.822 0.13725490
534.515 0.11764706
536.986 0.04901961
540.542 0.07843137
540.736 0.61764706
542.706 0.20588235
543.583 0.32352941
543.8 0.07843137
546.462 0.76470588
549.15 0.04901961
549.694 0.50000000
550.472 0.03921569
552.206 0.02941176
559.852 0.03921569
560.032 0.07843137
561.289 0.02941176
562.569 0.17647059
567.808 0.11764706
569.091 0.04901961
570.205 0.03921569
571.053 0.35294118
573.827 0.14705882
576.072 0.08823529
576.433 0.20588235
577.483 0.01411765
578.702 0.04901961
589.403 0.13725490
595.025 0.04901961
598.486 0.00941176
602.408 0.23529412
606.893 0.01333333
607.498 0.01568627
608.243 0.15686275
612.749 0.06862745
619.188 0.17647059
620.486 0.08823529
621.31 0.09803922
624.448 0.04901961
625.749 0.06862745
629.398 0.41176471
631.313 0.02941176
633.036 0.02941176
633.35 0.01784314
633.785 0.04901961
633.944 0.03921569
635.916 0.07843137
656.649 0.32352941
658.366 0.00086275
658.374 0.05882353
658.527 0.05882353
661.966 0.18627451
666.11 0.09803922
666.596 0.06862745
669.729 0.08823529
671.883 0.04901961
673.203 0.14705882
681.257 0.10784314
695.878 0.44117647
698.978 0.01607843