380.276 0.00003300
380.326 0.00003300
380.773 0.00001600
380.824 0.00350000
383.463 0.05550000
384.219 0.03900000
384.292 0.00900000
385.282 0.00015000
385.304 0.00002300
385.355 0.01800000
385.552 0.00011000
385.604 0.00001100
386.063 0.00800000
386.116 0.00003400
388.807 0.00100000
388.978 0.10000000
389.482 0.01800000
390.208 0.01650000
392.132 0.00000000
392.157 0.00000000
392.212 0.00500000
392.414 0.00093000
392.468 0.00000000
392.944 0.00400000
392.998 0.00200000
393.437 0.00200000
393.611 0.00035000
396.233 0.00650000
398.621 0.00020000
400.467 0.00300000
400.748 0.00020000
400.758 0.00200000
401.252 0.00000000
401.31 0.00200000
401.335 0.00600000
401.392 0.00001900
401.394 0.01650000
401.604 0.00950000
401.661 0.00039000
402.158 0.00900000
402.217 0.00200000
402.377 0.00250000
402.388 0.00000000
402.779 0.00850000
403.232 0.00002500
405.694 0.06900000
406.23 0.00000000
407.157 0.00001200
407.293 0.00001200
410.174 0.20000000
410.934 0.00047000
410.987 0.00000000
411.201 0.00000000
411.561 0.00018000
412.279 0.00300000
413.997 0.00000000
414.059 0.00057000
414.085 0.00057000
414.146 0.00150000
414.373 0.00000000
414.433 0.00000000
414.963 0.00300000
415.024 0.00000000
420.506 0.00800000
421.301 0.00250000
421.366 0.00250000
421.559 0.00001000
421.908 0.00003200
421.97 0.00950000
422.716 0.01050000
422.855 0.00004800
422.923 0.00003800
425.268 0.00002000
429.206 0.00002000
432.568 0.00100000
432.638 0.00100000
432.665 0.00300000
432.733 0.01650000
432.98 0.00040000
433.046 0.00005800
433.626 0.00300000
433.693 0.00001200
435.8 0.00040000
435.839 0.00040000
436.031 0.00200000
436.446 0.00250000
436.487 0.00200000
437.29 0.01650000
437.508 0.00040000
444.842 0.00020000
448.911 0.00020000
450.08 0.00600000
450.958 0.00000000
451.13 1.00000000
454.901 0.00300000
457.088 0.00250000
457.132 0.00081000
457.295 0.00150000
457.802 0.00750000
457.84 0.00850000
458.653 0.00012000
458.703 0.00006400
458.928 0.00000000
458.964 0.00000000
461.531 0.00001700
461.608 0.00100000
461.64 0.00082000
461.718 0.01650000
461.999 0.00650000
462.073 0.00040000
462.731 0.01650000
462.807 0.00100000
463.705 0.00450000
463.817 0.04500000
464.458 0.04050000
465.2 0.00010000
465.562 0.01650000
465.674 0.00150000
466.157 0.00030000
467.36 0.00100000
468.11 0.07500000
468.478 0.00900000
468.592 0.00034000
471.86 0.00018000
474.754 0.00200000
478.324 0.00000000
479.682 0.00200000
484.367 0.00014000
485.627 0.00400000
487.837 0.00000000
490.218 0.00000000
490.529 0.00000000
490.664 0.00000000
490.707 0.00850000
490.836 0.00200000
491.485 0.00001600
491.53 0.00000000
492.493 0.01500000
492.782 0.00001100
497.175 0.00097000
497.378 0.00200000
498.376 0.00001400
500.676 0.00015000
502.887 0.00013000
504.393 0.00350000
504.462 0.00001100
509.95 0.00000000
510.936 0.00450000
511.075 0.00000000
511.223 0.00000000
511.51 0.00025000
511.569 0.00049000
511.606 0.00150000
511.647 0.00000000
511.739 0.00500000
512.084 0.00150000
512.177 0.00050000
512.986 0.00100000
513.078 0.00000000
515.854 0.00002400
517.541 0.01050000
518.446 0.01050000
524.877 0.00000000
525.35 0.00040000
525.432 0.00000000
525.816 0.00000000
526.274 0.00000000
530.949 0.00200000
540.254 0.00069000
541.165 0.00000000
541.709 0.00000000
541.851 0.00098000
543.329 0.00000000
543.538 0.00000000
543.679 0.00250000
549.674 0.00036000
549.749 0.00085000
549.811 0.00037000
550.311 0.00040000
550.705 0.00042000
550.777 0.00000000
551.088 0.00100000
551.301 0.00100000
551.31 0.00074000
551.453 0.00007400
551.936 0.00750000
552.331 0.00075000
552.596 0.00023000
552.86 0.00023000
553.016 0.00018000
553.644 0.00100000
555.553 0.00022000
557.688 0.00250000
561.189 0.00000000
563.673 0.00300000
564.515 0.00000000
570.849 0.00400000
570.991 0.00200000
572.181 0.00200000
572.317 0.00000000
572.768 0.00000000
575.818 0.00000000
581.95 0.00000000
585.317 0.00900000
590.339 0.00350000
591.526 0.00200000
591.877 0.00200000
606.296 0.00250000
609.593 0.02250000
610.871 0.00550000
611.587 0.00200000
612.862 0.00300000
612.939 0.00035000
613.196 0.00300000
613.751 0.00001200
613.988 0.00100000
614.127 0.00044000
614.178 0.00002600
614.32 0.00750000
614.81 0.00050000
614.949 0.00200000
616.109 0.00600000
616.252 0.00200000
619.772 0.00005300
622.427 0.00800000
622.837 0.00400000
623.1 0.00002300
628.34 0.00066000
630.264 0.00065000
630.487 0.00400000
633.722 0.00150000
635.474 0.00062000
636.225 0.00500000
643.701 0.00086000
646.898 0.01650000
647.323 0.00000000
647.335 0.00000000
654.118 0.01350000
662.703 0.00001100
662.716 0.00900000
666.643 0.00002100
668.153 0.00063000
675.063 0.00500000
675.152 0.00700000
675.188 0.01350000
676.591 0.01350000
676.736 0.00150000
678.372 0.03000000
679.042 0.00001400
683.165 0.00001500
683.178 0.00001500
684.103 0.00001400
684.128 0.00002000
684.29 0.00003100
684.745 0.00002300
684.879 0.00009600
685.045 0.00009700
686.016 0.00002600
686.185 0.00001800
686.77 0.00350000
689.158 0.04200000
690.014 0.00000000
693.332 0.00006200
695.2 0.00096000