381.724 0.18000000
382.757 0.05250000
384.595 0.02625000
386.564 0.15000000
387.363 0.00750000
389.559 0.18000000
390.251 0.08625000
391.538 0.75000000
393.484 0.75000000
395.195 0.07875000
395.291 0.00750000
398.638 0.01250000
399.212 1.00000000
400.195 0.02625000
402.003 0.62500000
402.533 0.00500000
402.54 0.03750000
403.376 0.50000000
404.008 0.18375000
404.141 0.04125000
404.489 0.02625000
406.992 0.08625000
407.068 0.08250000
409.261 0.17250000
410.83 0.01125000
411.721 0.00750000
412.792 0.07125000
412.888 0.00375000
413.905 0.00500000
415.57 0.15750000
416.604 0.18750000
418.321 0.14250000
418.566 0.09750000
419.754 0.21000000
425.911 0.25000000
426.53 0.12000000
426.81 0.19500000
428.662 0.24375000
431.059 0.18000000
431.15 0.37500000
439.023 0.00042500
439.947 0.16875000
440.378 0.15000000
442.627 0.15000000
443.391 0.00875000
447.848 0.22125000
454.568 0.21000000
454.848 0.10875000
455.078 0.09375000
456.809 0.24000000
461.178 0.00375000
461.639 0.25000000
465.618 0.22500000
466.899 0.11625000
467.588 0.00500000
472.886 0.10875000
473.186 0.00500000
475.796 0.06375000
477.816 0.13875000
479.525 0.00875000
479.567 0.00875000
480.947 0.01500000
484.077 0.07500000
484.538 0.10500000
493.809 0.12750000
493.917 0.04875000
497.048 0.10875000
499.974 0.06375000
500.274 0.07500000
500.917 0.04125000
501.498 0.08625000
512.366 0.19875000
517.795 0.17250000
523.892 0.11250000
544.95 0.11250000
545.45 0.04500000
546.94 0.01375000
562.555 0.03375000
588.23 0.01625000
589.406 0.03000000
602.61 0.03000000
611.067 0.03000000
628.828 0.01750000
633.444 0.03000000
683.001 0.37500000
692.988 0.37500000