381.656 0.01400000
381.75 0.01800000
382.13 0.00400000
384.402 0.00400000
386.141 0.00400000
387.374 0.00800000
387.862 0.00600000
388.342 0.00400000
388.55 0.00124000
388.684 0.00224000
389.792 0.02600000
389.928 0.00400000
390.011 0.00400000
392.3 0.00800000
392.636 0.00800000
393.436 0.00800000
394.253 0.01400000
395.521 0.01400000
395.61 0.00400000
395.984 0.00400000
396.672 0.01400000
397.258 0.01400000
399.18 0.00600000
399.51 0.01400000
400.124 0.02000000
401.21 0.01800000
401.752 0.01600000
402.488 0.01800000
403.969 0.01800000
404.259 0.03400000
404.414 1.00000000
404.721 0.40000000
406.523 0.01800000
409.369 0.02600000
410.04 0.00120000
411.214 0.01600000
411.499 0.03200000
412.263 0.00096000
413.472 0.03000000
414.919 0.01200000
416.33 0.00068000
418.624 0.04200000
420.949 0.01200000
422.297 0.03400000
422.567 0.03600000
425.51 0.00100000
426.34 0.04200000
428.489 0.01000000
428.87 0.01600000
430.5 0.04800000
430.527 0.00236000
430.91 0.04800000
434.003 0.02600000
436.296 0.02800000
438.816 0.06000000
442.373 0.01600000
445.5 0.00800000
446.665 0.03600000
450.533 0.06000000
451.093 0.00196000
459.565 0.07800000
460.845 0.07800000
463.4 0.00192000
464.188 0.07800000
464.237 0.09000000
465.938 0.07800000
474.091 0.01200000
474.435 0.01800000
474.492 0.02000000
475.393 0.01400000
475.737 0.00124000
475.739 0.01800000
478.649 0.00800000
479.105 0.00200000
479.975 0.00800000
480.433 0.00092000
480.435 0.01000000
482.923 0.03600000
484.986 0.00208000
485.609 0.00400000
486.348 0.00400000
486.974 0.00600000
486.976 0.00800000
493.875 0.00400000
494.2 0.00220000
494.324 0.01400000
495.082 0.00400000
495.615 0.00400000
496.501 0.00048000
496.503 0.00800000
500.56 0.00600000
505.627 0.02400000
508.423 0.00800000
509.717 0.01000000
509.92 0.01000000
511.221 0.01400000
511.225 0.01600000
527.72 0.00076000
531.024 0.01800000
532.328 0.02800000
533.969 0.02800000
534.297 0.02200000
535.95 0.02800000
535.957 0.02400000
547.013 0.03200000
548.806 0.00400000
551.269 0.00400000
553.601 0.01000000
560.22 0.00112000
564.273 0.02600000
577.232 0.01000000
578.238 0.03200000
580.175 0.03400000
581.215 0.03000000
583.172 0.00064000
583.189 0.03400000
596.964 0.01000000
601.241 0.00600000
610.183 0.00172000
612.027 0.08400000
622.86 0.00088000
624.659 0.02600000
630.729 0.03600000
634.92 0.00092000
642.796 0.01000000
644.63 0.00104000
659.5 0.00600000
666.9 0.00108000
679.516 0.00100000
691.108 0.04200000
693.628 0.01800000
693.877 0.02800000
696.418 0.00228000
696.467 0.00380000