380.266 0.00055556
380.467 0.00833333
380.617 0.00225000
380.916 0.00197222
381.222 0.00555556
381.711 0.00416667
382.261 0.00083333
382.615 0.00055556
382.663 0.00083333
382.957 0.00027778
383.029 0.00083333
383.117 0.00055556
383.137 0.00027778
383.537 0.00055556
383.654 0.00833333
383.77 0.00833333
383.782 0.00833333
383.937 0.00111111
384.09 0.00138889
384.228 0.00555556
384.285 0.00166667
384.377 0.00027778
384.445 0.01388889
384.537 0.00027778
384.598 0.00416667
384.612 0.00055556
384.683 0.00138889
384.749 0.00083333
384.781 0.00166667
385.732 0.00555556
385.85 0.00013889
385.878 0.00138889
386.092 0.00138889
386.783 0.00027778
386.87 0.00166667
387.404 0.00083333
387.544 0.04166667
388.007 0.00055556
388.096 0.00166667
388.528 0.00027778
388.754 0.00138889
389.471 0.01666667
389.87 0.00277778
390.115 0.00277778
390.171 0.00027778
390.618 0.04166667
391.258 0.01944444
391.288 0.00138889
391.39 0.00083333
391.516 0.00027778
391.69 0.00083333
391.755 0.01388889
391.868 0.00027778
392.008 0.05555556
392.168 0.00169444
392.605 0.00027778
392.88 0.00027778
392.926 0.00555556
393.853 0.00111111
393.888 0.00555556
394.092 0.00138889
394.525 0.00027778
394.548 0.00138889
394.583 0.00027778
394.766 0.00138889
395.36 0.00555556
395.478 0.02527778
395.767 0.00694444
396.234 0.00277778
396.489 0.00833333
397.905 0.00080556
398.141 0.00055556
398.217 0.00163889
398.778 0.00666667
399.066 0.00388889
399.108 0.00527778
399.126 0.00266667
399.194 0.00388889
399.352 0.00105556
399.482 0.00077778
399.484 0.02638889
399.669 0.00077778
399.795 0.02611111
400.072 0.00052778
400.261 0.00388889
400.557 0.00777778
400.808 0.00638889
400.848 0.00258333
401.625 0.00102778
402.622 0.00075000
402.717 0.00025000
402.803 0.00025000
402.966 0.00050000
403.78 0.00750000
404.466 0.01944444
404.771 0.00024444
405.657 0.00072222
405.704 0.06944444
406.513 0.06944444
406.739 0.00277778
408.243 0.00138889
408.69 0.00047222
408.834 0.11111111
409.784 0.00022778
409.873 0.05555556
409.971 0.00066667
410.843 0.00066667
410.925 0.02222222
411.373 0.00177778
411.814 0.00666667
413.133 0.00861111
413.368 0.00108333
413.456 0.00130556
413.586 0.00063889
413.796 0.01083333
414.512 0.05555556
415.446 0.00833333
416.021 0.00083333
416.384 0.00041667
416.448 0.00041667
416.728 0.00102778
417.179 0.00305556
417.251 0.00416667
417.283 0.00061111
417.958 0.00416667
418.111 0.00122222
418.447 0.00416667
418.459 0.00041667
418.511 0.01000000
419.572 0.00020000
419.591 0.00020000
419.825 0.00010000
420.142 0.00583333
421.788 0.00038889
422.123 0.00009722
422.22 0.00388889
422.535 0.00058333
422.592 0.00388889
422.658 0.00472222
422.879 0.00416667
423.282 0.00050000
423.343 0.00052778
423.372 0.00026111
423.664 0.02777778
424.433 0.00183333
425.058 0.09722222
425.267 0.05555556
425.485 0.18055556
426.085 0.01027778
426.329 0.02472222
426.857 0.04166667
426.881 0.05555556
427.397 0.45833333
428.061 0.00144444
428.297 0.02666667
428.302 0.00086111
428.649 0.00916667
428.802 0.00105556
429.264 0.00111111
429.292 0.11111111
429.406 0.00091667
429.483 0.00305556
429.82 0.00036111
429.95 0.00018611
430.049 0.04166667
430.05 0.06944444
430.154 0.00750000
430.245 0.00183333
430.52 0.00197222
430.941 0.00044444
431.781 0.12500000
431.855 0.11111111
431.912 0.00102778
431.958 0.25000000
432.298 0.02777778
433.124 0.01388889
433.22 0.00017500
433.334 0.00888889
433.551 0.00020833
433.77 0.00018333
433.81 0.00018333
434.133 0.00147222
434.424 0.00211111
435.102 0.00638889
435.136 0.01500000
435.419 0.00019444
435.495 0.00091667
435.548 0.33333333
436.063 0.00036111
436.166 0.00147222
436.206 0.00018333
436.264 0.15277778
436.461 0.00127778
436.626 0.00191667
436.969 0.05555556
437.125 0.00611111
437.612 0.22222222
437.868 0.00233333
438.152 0.02777778
438.527 0.01416667
438.654 0.08333333
438.89 0.00083333
438.972 0.00555556
439.938 0.00361111
439.997 0.05555556
440.087 0.02444444
440.336 0.00011667
440.433 0.00694444
440.89 0.00861111
440.922 0.00010556
441.037 0.01027778
441.239 0.00119444
441.688 0.00361111
441.724 0.00750000
441.876 0.00944444
442.016 0.00019167
442.272 0.01944444
442.519 0.01972222
443.052 0.00021389
443.169 0.11111111
443.681 0.13888889
444.328 0.00388889
444.372 0.00080556
445.321 0.01500000
445.392 0.18055556
445.437 0.00305556
445.725 0.01222222
445.999 0.00388889
446.045 0.00061111
446.369 0.95833333
447.501 0.25000000
448.185 0.01527778
448.988 0.11111111
449.168 0.00027778
450.235 0.87500000
451.864 0.00041667
452.314 0.08333333
452.4 0.00020000
452.862 0.00058333
453.646 0.00175000
453.725 0.00105556
453.806 0.00052778
455.03 0.00638889
455.661 0.02777778
456.038 0.00044444
456.551 0.00015000
456.582 0.00015000
457.333 0.00444444
457.58 0.00014444
457.721 0.11111111
458.297 0.04166667
458.298 0.04166667
459.15 0.00013333
459.28 0.02000000
459.849 0.00666667
460.142 0.00013056
460.402 0.00777778
460.848 0.00012500
460.975 0.00252778
461.065 0.00750000
461.45 0.00186111
461.529 0.05555556
461.917 0.12500000
461.999 0.00061111
462.14 0.00012222
463.388 0.09722222
463.542 0.00094444
463.614 0.00236111
463.766 0.00011667
464.02 0.00023333
465.018 0.00333333
465.888 0.23611111
466.79 0.00011667
467.161 0.00116667
467.209 0.00023333
467.38 0.00036111
467.716 0.00011667
468.041 0.05555556
468.63 0.00094444
468.728 0.00119444
468.83 0.00036111
468.879 0.00036111
469.13 0.01222222
469.365 0.00036111
469.436 0.02444444
469.484 0.00050000
469.566 0.00611111
469.969 0.00361111
470.385 0.00006389
470.544 0.00025278
470.631 0.00038889
471.048 0.00125000
472.489 0.00152778
472.972 0.00025000
473.9 0.13888889
474.528 0.00027778
474.9 0.00007778
475.202 0.00388889
475.448 0.00023889
475.877 0.00004444
476.244 0.01444444
476.574 0.05555556
476.892 0.00003056
477.301 0.00305556
477.444 0.00016667
478.656 0.00015556
478.876 0.00086111
478.974 0.00125000
479.633 0.01250000
480.296 0.00086111
481.177 0.06944444
481.264 0.00861111
482.519 0.05555556
482.608 0.00033333
483.208 0.19444444
483.27 0.00023889
483.368 0.00097222
483.656 0.00500000
483.904 0.00097222
484.19 0.00038889
484.514 0.00155556
484.562 0.00155556
484.661 0.50000000
485.719 0.02583333
486.184 0.00036111
486.491 0.00038889
486.724 0.00020556
487.014 0.00444444
487.387 0.00023611
487.563 0.00024722
489.221 0.00138889
490.628 0.00166667
490.834 0.00055556
491.039 0.00055556
491.462 0.00055556
491.594 0.02777778
493.026 0.00180556
493.038 0.00119444
493.448 0.00133333
493.838 0.00072222
494.021 0.00072222
494.559 0.11111111
494.85 0.01694444
495.527 0.00416667
496.025 0.02583333
496.578 0.00047222
496.908 0.00472222
496.936 0.00333333
497.4 0.00021667
497.708 0.00041667
497.889 0.02027778
498.283 0.00944444
498.852 0.00177778
499.722 0.00015833
499.854 0.00077778
500.214 0.00030556
501.33 0.01333333
501.571 0.00013333
501.645 0.00266667
501.872 0.00027500
502.187 0.01611111
502.24 0.02777778
502.836 0.00444444
502.915 0.00069444
503.385 0.01138889
503.665 0.00102778
504.034 0.00077778
504.286 0.00022778
504.631 0.00888889
504.752 0.00044444
504.774 0.00011667
505.453 0.00333333
505.808 0.00044444
506.146 0.00027778
506.558 0.00230556
506.722 0.00036111
506.996 0.00069444
507.255 0.00472222
507.592 0.00047222
507.723 0.00472222
507.819 0.00024167
508.652 0.04166667
508.912 0.00030556
509.036 0.00016667
510.981 0.00021667
511.098 0.00010833
512.316 0.00119444
512.573 0.02777778
512.633 0.00007778
513.352 0.00007222
513.99 0.00006944
514.27 0.00025278
514.305 0.04166667
514.504 0.00012778
514.539 0.00025278
514.961 0.00019444
515.168 0.00014444
515.201 0.00019722
516.009 0.00007500
516.68 0.00611111
516.773 0.00008056
516.806 0.00030556
516.812 0.00007778
517.236 0.00016667
517.77 0.00052778
518.23 0.00008889
518.698 0.00527778
518.848 0.00077778
519.782 0.00008611
519.897 0.00008611
520.022 0.00500000
520.156 0.00016944
520.834 0.04166667
521.241 0.00008611
521.582 0.00069444
521.746 0.00258333
521.778 0.00008611
521.794 0.00102778
521.884 0.00008611
522.238 0.00026111
522.357 0.00044444
522.456 0.00061111
522.505 0.00026111
522.818 0.00175000
522.953 0.00527778
523.206 0.00017778
524.129 0.00018056
524.524 0.00036111
524.906 0.00036111
525.675 0.00277778
525.783 0.00023056
526.318 0.00013333
527.461 0.00052778
527.65 0.01277778
527.983 0.00111111
528.702 0.00020833
529.076 0.00008611
529.979 0.00015833
530.074 0.00023611
530.443 0.00007778
530.868 0.01555556
531.026 0.00030556
531.741 0.00222222
532.202 0.00013333
532.277 0.00388889
532.57 0.00006111
532.787 0.00012778
532.915 0.00026389
533.108 0.00013611
533.341 0.04166667
533.476 0.00072222
533.772 0.00007500
533.82 0.00015000
533.912 0.00152778
534.676 0.00472222
534.737 0.00015833
534.977 0.00015833
535.545 0.00077778
536.211 0.00009444
536.591 0.00011111
537.14 0.00055556
537.174 0.00027500
537.257 0.00014167
537.419 0.00044444
537.964 0.00241667
538.139 0.00033333
540.303 0.00047222
540.944 0.00026111
541.219 0.00133333
541.442 0.00027222
541.843 0.00777778
542.356 0.00025000
543.177 0.00022778
543.82 0.00041667
543.862 0.00861111
543.938 0.00021111
544.543 0.00020278
544.634 0.01611111
544.786 0.00061111
545.639 0.00038889
545.88 0.00138889
545.947 0.00080556
546.137 0.00020000
546.265 0.00041667
546.775 0.00127778
546.817 0.04166667
547.549 0.00023889
547.646 0.00097222
547.658 0.00047222
547.766 0.00050000
548.746 0.00030556
548.886 0.00163889
549.094 0.01861111
549.133 0.00075000
549.143 0.00152778
549.277 0.00041667
549.621 0.00144444
549.956 0.02694444
550.071 0.02777778
550.143 0.00555556
550.401 0.00888889
550.433 0.01194444
551.667 0.01388889
552.051 0.02777778
552.117 0.00211111
552.297 0.04166667
552.351 0.02111111
552.863 0.00136111
553.229 0.00333333
553.94 0.00058333
554.21 0.00052778
554.44 0.00050000
555.269 0.00111111
555.299 0.04166667
555.926 0.00075000
556.223 0.18055556
556.866 0.04166667
557.029 0.75000000
557.313 0.00113889
557.56 0.00388889
557.764 0.00113889
558.039 0.02777778
558.44 0.00038889
558.54 0.00038889
559.141 0.00075000
559.732 0.00191667
560.772 0.00038889
560.837 0.00113889
561.181 0.00152778
561.763 0.00077778
562.702 0.00038889
563.05 0.00038889
563.302 0.04166667
564.107 0.00116667
564.304 0.00038889
564.5 0.00038889
564.956 0.04166667
565.036 0.00388889
565.6 0.00038889
566.267 0.00116667
566.609 0.00038889
567.245 0.01944444
567.277 0.01555556
567.451 0.01166667
568.19 0.15277778
568.63 0.00038889
569.035 0.08333333
569.654 0.00116667
569.695 0.00038889
569.983 0.00388889
570.217 0.00388889
570.751 0.01555556
571.411 0.00077778
571.58 0.00038889
571.761 0.00116667
572.188 0.00388889
572.356 0.00583333
572.659 0.00750000
572.71 0.00036111
573.086 0.00144444
574.902 0.00147222
574.927 0.00147222
575.057 0.00277778
575.299 0.01694444
575.433 0.00027778
575.504 0.00055556
576.1 0.00027222
576.29 0.00108333
577.14 0.02694444
577.35 0.00027222
577.556 0.00055556
578.389 0.00277778
578.49 0.00027778
578.729 0.00177778
578.824 0.00208333
579.99 0.00033333
580.015 0.00208333
580.117 0.00072222
580.181 0.00036111
580.554 0.00833333
580.69 0.00044444
580.77 0.00044444
580.988 0.00277778
581.08 0.00361111
581.57 0.00052778
582.012 0.00916667
582.351 0.00194444
582.452 0.02611111
582.707 0.01333333
583.2 0.00063889
583.286 0.06944444
583.47 0.00061111
584.154 0.00191667
584.249 0.00088889
584.88 0.00033333
584.966 0.00066667
585.288 0.00169444
585.52 0.00033333
585.732 0.00044444
585.836 0.00133333
586.061 0.00333333
586.675 0.01638889
586.88 0.00108333
587.092 1.00000000
587.35 0.00036111
587.99 0.01611111
588.118 0.00063889
588.769 0.00094444
589.168 0.00275000
589.456 0.00252778
589.746 0.00063889
590.089 0.00250000
590.4 0.00030556
591.881 0.00061111
591.97 0.00030556
592.424 0.00030556
593.503 0.00263889
594.213 0.00077778
594.545 0.00211111
594.571 0.00125000
594.993 0.00136111
595.514 0.00100000
595.68 0.00050000
596.754 0.00888889
597.482 0.00133333
597.765 0.00277778
599.224 0.16666667
599.385 0.05555556
600.219 0.00269444
600.81 0.00416667
600.999 0.01583333
601.206 0.08333333
601.216 0.08333333
602.24 0.06944444
603.583 0.01333333
603.717 0.01000000
603.81 0.00108333
604.713 0.00197222
604.935 0.00638889
605.011 0.00666667
605.613 0.15277778
605.63 0.00247222
606.58 0.00225000
607.526 0.04166667
607.838 0.01638889
607.971 0.02777778
608.286 0.05555556
608.8 0.00208333
609.183 0.00611111
609.431 0.00194444
609.45 0.02777778
610.386 0.00080556
610.761 0.00361111
610.832 0.00219444
611.081 0.00333333
611.261 0.00258333
611.523 0.00180556
611.652 0.00058333
611.956 0.00500000
615.054 0.00172222
615.141 0.02777778
616.368 0.00333333
616.476 0.00044444
616.88 0.01722222
617.177 0.00169444
617.208 0.00055556
618.535 0.00155556
619.614 0.00086111
621.83 0.00075000
622.273 0.01750000
622.814 0.00100000
623.074 0.01055556
623.635 0.02777778
624.14 0.01000000
624.353 0.00191667
624.735 0.00086111
625.098 0.00388889
625.784 0.00275000
626.733 0.00113889
629.096 0.00083333
630.369 0.02777778
631.022 0.00275000
631.272 0.00166667
632.242 0.00108333
634.461 0.00113889
634.668 0.00583333
635.192 0.00241667
636.832 0.00136111
636.9 0.00033333
637.319 0.00036111
637.359 0.01083333
639.115 0.01527778
639.425 0.00213889
639.509 0.00108333
640.984 0.00888889
641.017 0.00444444
641.253 0.00388889
641.568 0.02166667
641.66 0.06944444
642.02 0.37500000
642.103 0.12500000
643.192 0.00305556
644.074 0.00861111
644.47 0.00177778
644.88 0.02305556
645.419 0.00305556
645.612 0.00305556
645.629 0.62500000
647.092 0.13888889
648.807 0.01805556
650.49 0.01250000
650.837 0.00444444
651.014 0.01222222
651.096 0.15277778
653.655 0.00583333
655.553 0.00555556
655.569 0.01666667
656.532 0.02416667
657.008 0.66666667
657.642 0.09722222
660.29 0.06944444
660.501 0.11111111
660.512 0.01500000
662.421 0.01055556
662.796 0.01000000
663.437 0.05555556
665.175 0.02777778
665.223 0.12500000
668.355 0.00219444
669.923 0.06944444
672.15 0.00050000
672.334 0.00175000
672.841 0.00036111
674.01 0.00555556
676.363 0.02777778
676.443 0.02250000
676.447 0.00138889
677.12 0.01388889
677.615 0.00083333
678.921 0.00030556
679.353 0.00088889
679.541 0.00111111
681.311 0.01388889
681.813 0.00027778
682.909 0.00225000
684.64 0.00611111
686.963 0.01500000
687.085 0.02777778
690.422 0.02416667
690.468 0.16666667
691.129 0.00333333
693.53 0.00230556
694.406 0.02527778
697.795 0.00333333
699.305 0.00147222