381.978 0.00072727
383.338 0.00072727
383.508 0.01090909
384.072 0.05181818
384.6 0.03818182
384.902 0.14727273
385.243 0.00074545
385.491 0.03000000
386.449 0.11181818
387.164 0.15000000
387.888 0.00074545
388.637 0.27272727
389.86 0.02181818
390.258 0.01454545
391.081 0.00727273
391.605 0.27272727
392.154 0.27272727
392.756 0.03000000
392.922 0.27272727
393.622 0.07363636
394.91 0.72727273
395.368 0.01909091
398.852 0.54545455
399.416 0.00054545
399.575 0.36363636
400.138 0.00158182
401.539 0.04636364
402.359 0.02181818
402.588 0.02181818
403.169 0.16090909
403.659 0.00545455
403.721 0.01909091
404.291 0.15000000
405.008 0.02181818
406.033 0.03000000
406.479 0.01818182
406.558 0.01363636
406.739 0.07090909
407.671 0.00818182
407.735 0.36363636
407.918 0.01545455
408.672 0.36363636
408.961 0.02727273
409.954 0.07909091
410.487 0.03818182
410.948 0.01727273
412.323 0.45454545
412.924 0.00052727
413.704 0.01363636
413.743 0.00101818
414.174 0.18181818
414.391 0.02727273
414.435 0.00363636
415.197 0.36363636
415.278 0.06818182
415.752 0.01363636
416.026 0.07090909
416.33 0.01181818
417.112 0.01181818
417.232 0.01181818
417.748 0.02454545
418.732 0.10636364
419.042 0.00272727
419.236 0.11727273
419.655 0.45454545
420.404 0.45454545
421.654 0.01727273
421.736 0.00163636
421.756 0.36363636
423.095 0.15272727
423.838 0.45454545
423.859 0.00545455
424.999 0.07909091
426.234 0.01272727
426.359 0.12818182
426.95 0.13090909
427.076 0.45454545
427.115 0.02727273
427.564 0.45454545
428.027 0.04636364
428.697 0.54545455
429.605 0.27272727
430.044 0.03272727
430.6 0.03272727
431.173 0.01000000
431.59 0.03272727
432.251 0.10363636
433.374 0.54545455
433.496 0.03545455
435.44 0.36363636
435.791 0.02454545
436.046 0.02727273
436.467 0.36363636
437.81 0.36363636
438.055 0.03818182
438.344 0.45454545
438.52 0.07636364
439.359 0.06272727
439.678 0.10909091
440.302 0.14454545
441.121 0.54545455
441.916 0.16090909
442.755 0.12818182
442.99 0.63636364
443.298 0.05727273
443.585 0.01090909
444.268 0.01363636
444.42 0.00181818
445.52 0.00636364
445.58 0.07909091
446.897 0.01363636
447.981 0.01363636
448.297 0.07636364
448.606 0.01909091
449.175 0.01090909
449.311 0.01363636
449.38 0.00727273
449.471 0.01545455
449.905 0.01727273
450.022 0.02727273
450.156 0.01000000
452.237 1.00000000
452.531 0.27272727
452.612 0.36363636
454.179 0.05454545
454.95 0.01909091
454.98 0.45454545
455.016 0.00363636
455.846 0.27272727
455.929 0.18181818
456.485 0.01363636
456.791 0.13636364
457.002 0.10909091
457.488 0.45454545
458.006 0.13909091
458.12 0.02181818
459.618 0.01181818
460.205 0.07090909
460.424 0.03000000
460.578 0.36363636
461.339 0.36363636
461.507 0.03272727
461.988 0.54545455
463.643 0.02727273
464.313 0.01181818
464.528 0.06000000
464.751 0.07636364
464.865 0.02454545
465.033 0.01272727
465.105 0.00160000
465.187 0.00160000
465.208 0.00818182
465.55 0.45454545
466.07 0.00818182
466.251 0.36363636
466.376 0.36363636
466.891 0.45454545
467.166 0.00147273
467.183 0.18181818
469.118 0.02181818
469.25 0.27272727
469.963 0.15000000
470.264 0.00636364
470.328 0.18181818
470.819 0.01909091
471.293 0.12272727
471.416 0.00454545
471.644 0.17454545
471.759 0.02181818
471.994 0.27272727
472.372 0.00636364
472.443 0.02181818
472.842 0.45454545
474.028 0.27272727
474.309 0.27272727
474.873 0.15545455
475.24 0.00272727
476.689 0.15272727
477.043 0.03545455
477.514 0.02454545
477.989 0.00727273
479.139 0.00545455
479.669 0.00909091
480.025 0.01090909
480.404 0.10363636
480.901 0.09818182
481.717 0.00909091
482.406 0.18181818
482.688 0.04363636
482.698 0.00149091
483.078 0.00169091
483.689 0.12272727
483.952 0.07909091
484.001 0.07090909
485.058 0.06272727
485.082 0.04909091
485.495 0.03272727
486.091 0.12000000
487.056 0.00909091
487.886 0.05454545
488.761 0.00363636
489.992 0.27272727
490.187 0.03545455
490.513 0.00545455
492.098 0.27272727
492.179 0.36363636
492.637 0.00076364
493.483 0.15272727
493.562 0.00818182
494.585 0.00818182
494.647 0.13090909
494.977 0.27272727
495.207 0.06818182
496.483 0.01272727
496.866 0.01090909
497.039 0.36363636
497.795 0.02454545
498.683 0.18181818
499.128 0.10363636
499.388 0.07090909
499.593 0.00080000
499.682 0.02181818
499.947 0.27272727
500.179 0.00636364
500.213 0.01000000
500.553 0.00067273
504.688 0.08727273
504.804 0.02181818
505.057 0.08454545
505.646 0.08181818
506.292 0.01909091
506.79 0.03000000
508.021 0.00727273
510.623 0.05181818
510.912 0.00181818
511.456 0.10636364
511.489 0.00054545
512.088 0.00363636
512.299 0.12272727
514.542 0.13090909
514.573 0.00138182
515.674 0.04636364
515.743 0.10909091
515.841 0.00170909
515.869 0.05181818
516.362 0.03272727
516.779 0.01090909
516.896 0.00176364
517.291 0.00909091
517.384 0.01090909
517.731 0.06000000
517.912 0.00181818
518.342 0.14454545
518.392 0.00909091
518.822 0.18181818
520.415 0.18181818
521.186 0.27272727
522.621 0.01545455
523.427 0.11181818
523.955 0.00272727
525.346 0.06545455
525.939 0.03818182
527.119 0.08181818
527.642 0.01545455
527.913 0.01000000
529.084 0.05727273
530.198 0.07909091
530.262 0.03818182
530.355 0.03000000
530.402 0.02727273
532.016 0.00127273
532.357 0.00156364
534.067 0.07090909
535.786 0.02727273
535.972 0.00065455
536.589 0.00272727
537.709 0.09000000
538.001 0.00127273
538.099 0.04090909
538.192 0.04090909
541.568 0.00272727
542.212 0.00181818
542.986 0.00636364
543.754 0.00181818
545.515 0.06818182
545.869 0.02181818
546.438 0.02727273
546.692 0.00363636
546.781 0.00141818
548.073 0.05454545
548.227 0.06272727
549.107 0.00636364
549.19 0.01181818
549.345 0.01090909
549.871 0.00040000
550.134 0.07636364
550.225 0.00363636
550.267 0.00363636
550.381 0.03818182
550.6 0.01909091
551.172 0.00021818
551.528 0.00636364
551.734 0.01181818
551.819 0.00013091
552.954 0.00545455
552.987 0.00181818
553.206 0.00132727
553.567 0.04636364
554.126 0.02454545
554.491 0.00272727
556.544 0.02727273
556.572 0.01363636
556.694 0.02727273
556.846 0.05727273
557.038 0.00727273
558.834 0.07090909
563.122 0.06000000
563.203 0.02454545
563.931 0.01636364
564.825 0.14454545
565.482 0.00545455
565.654 0.00363636
565.772 0.07636364
567.155 0.15272727
569.619 0.12272727
569.939 0.01363636
570.022 0.00272727
570.32 0.00272727
570.333 0.06000000
571.085 0.00909091
571.24 0.13909091
571.402 0.05181818
571.455 0.01272727
572.002 0.08454545
572.729 0.03545455
573.495 0.02727273
574.066 0.12818182
574.294 0.00545455
574.409 0.00041818
574.441 0.09000000
576.184 0.05454545
576.907 0.04636364
576.934 0.05181818
576.999 0.01909091
577.814 0.04090909
578.924 0.06545455
579.134 0.10363636
579.758 0.07909091
580.578 0.07909091
580.806 0.00121818
580.832 0.04090909
581.345 0.00027273
582.199 0.03272727
582.383 0.01272727
582.756 0.01363636
582.972 0.02454545
583.979 0.00363636
584.503 0.01909091
584.838 0.02727273
584.895 0.00454545
585.227 0.01363636
585.558 0.04363636
586.371 0.12272727
586.995 0.00545455
587.4 0.01363636
587.473 0.04636364
587.563 0.00181818
587.763 0.02181818
587.799 0.01636364
588.064 0.15272727
588.862 0.05727273
589.485 0.10363636
590.075 0.01272727
590.196 0.16363636
590.43 0.02454545
591.763 0.08727273
592.771 0.04090909
592.849 0.01181818
593.062 0.10909091
593.068 0.07090909
593.271 0.00054545
593.524 0.01000000
593.622 0.01090909
594.083 0.00363636
594.83 0.03818182
596.059 0.02181818
596.26 0.00909091
597.109 0.01363636
597.353 0.18181818
597.575 0.01363636
598.235 0.02181818
599.236 0.00636364
600.736 0.16909091
601.711 0.00100000
601.716 0.01454545
603.859 0.10636364
604.155 0.01454545
605.584 0.01181818
606.714 0.01727273
606.868 0.05727273
607.205 0.01090909
608.489 0.04363636
610.038 0.04090909
610.727 0.02454545
610.848 0.06000000
611.172 0.03272727
611.925 0.00272727
612.609 0.00818182
612.705 0.00818182
612.956 0.01454545
613.439 0.03272727
614.199 0.01363636
614.53 0.00818182
614.653 0.01545455
616.57 0.04636364
617.273 0.00636364
618.809 0.04909091
620.351 0.02454545
621.82 0.00727273
622.0 0.01000000
623.351 0.01363636
623.486 0.02181818
623.674 0.00181818
623.859 0.02181818
624.993 0.27272727
626.23 0.12272727
626.602 0.07909091
627.376 0.09272727
628.774 0.00818182
628.856 0.00636364
629.357 0.04636364
629.609 0.27272727
630.546 0.01909091
631.014 0.01090909
631.092 0.15272727
631.826 0.01545455
632.039 0.10636364
632.591 0.04363636
634.821 0.06545455
635.813 0.06818182
636.022 0.08181818
639.048 0.15000000
639.423 0.18181818
639.905 0.27272727
641.099 0.05454545
644.661 0.05454545
644.811 0.00545455
645.034 0.01090909
645.452 0.06545455
645.599 0.05181818
646.844 0.01000000
648.555 0.02727273
649.819 0.10909091
652.699 0.07363636
652.973 0.00272727
654.316 0.10090909
656.544 0.01272727
657.096 0.00454545
657.851 0.10090909
658.219 0.00818182
659.346 0.03000000
660.017 0.04636364
660.826 0.04090909
661.659 0.06818182
663.653 0.00178182
664.279 0.01545455
664.441 0.02454545
664.516 0.00545455
665.081 0.06545455
666.14 0.04363636
667.14 0.01363636
669.287 0.03000000
670.95 0.06818182
671.409 0.01727273
671.868 0.01272727
673.278 0.01000000
674.813 0.01909091
675.304 0.08454545
677.426 0.08454545
679.673 0.00636364
680.886 0.01545455
681.366 0.02181818
682.378 0.04636364
683.405 0.02454545
683.79 0.01454545
685.903 0.00272727
691.724 0.04090909
691.83 0.03272727
692.524 0.14181818
693.501 0.05181818
695.251 0.00454545
695.452 0.01090909
695.81 0.03545455