391.535 0.00000000
398.548 0.00000000
398.554 0.00000000
413.256 0.00000000
413.262 0.00000000
427.307 0.00000000
427.313 0.01650000
432.542 0.00000000
432.547 0.00000000
432.554 0.00029000
460.283 0.05250000
460.289 0.05250000
467.165 0.00001600
467.17 0.01050000
467.806 0.00001100
467.829 0.00000000
488.132 0.01350000
488.139 0.00001700
488.149 0.00000000
497.166 0.00000000
497.175 0.00000000
548.355 0.00006700
548.565 0.00006700
610.354 0.00003600
610.365 0.20000000
670.776 0.00040000
670.791 1.00000000