382.907 0.01000000
384.118 0.10500000
384.361 0.01500000
385.329 0.01000000
387.461 0.00390000
387.665 0.09750000
391.177 0.00285000
391.886 0.00375000
392.662 0.00190000
396.846 0.04750000
399.138 0.00285000
405.445 0.02250000
410.744 0.03250000
411.267 0.00470000
412.249 0.01500000
412.473 0.18750000
413.179 0.01000000
415.408 0.06000000
415.898 0.04000000
418.425 0.50000000
425.144 0.15000000
427.191 0.28500000
427.75 0.04000000
428.103 0.05250000
429.597 0.04000000
429.609 0.00750000
430.957 0.03000000
433.272 0.01000000
434.198 0.02750000
442.096 0.01500000
443.048 0.02750000
443.879 0.00375000
445.081 0.03750000
447.155 0.00750000
448.015 0.00420000
449.0 0.29250000
449.885 0.01750000
451.857 0.50000000
460.539 0.02000000
464.547 0.24750000
464.821 0.25500000
464.885 0.25500000
465.802 1.00000000
465.903 0.10500000
468.977 0.02500000
471.67 0.02000000
472.62 0.01000000
478.542 0.18750000
481.505 0.02000000
483.962 0.10500000
486.536 0.02250000
490.488 0.07500000
494.234 0.05250000
495.643 0.33750000
496.613 0.00430000
499.413 0.50000000
500.114 0.13500000
504.612 0.01000000
505.76 0.02500000
513.405 0.05000000
513.509 0.49500000
514.586 0.31500000
519.661 0.15750000
520.647 0.16500000
530.44 0.07500000
534.912 0.04250000
540.257 0.14250000
541.942 0.02750000
542.19 0.04750000
543.788 0.02750000
545.357 0.00750000
547.669 1.00000000
551.988 0.08250000
552.68 0.00750000
566.489 0.01750000
571.349 0.01250000
573.655 0.11250000
574.871 0.00260000
577.54 0.04000000
578.646 0.03500000
580.059 0.02500000
586.079 0.01750000
586.63 0.00250000
586.971 0.03500000
588.976 0.02750000
598.39 0.04250000
599.713 0.05250000
600.452 0.39000000
604.166 0.01250000
605.503 0.09750000
614.071 0.00500000
615.994 0.09750000
619.796 0.07500000
619.813 0.15000000
619.966 0.03500000
622.187 0.50000000
622.814 0.02500000
623.536 0.15750000
624.234 0.50000000
624.88 0.03750000
634.535 0.03250000
635.485 0.01250000
636.579 0.00500000
636.6 0.00750000
644.114 0.02000000
644.489 0.00500000
646.312 0.07500000
647.767 0.00350000
652.318 0.41250000
661.128 0.01000000
661.158 0.00750000
661.18 0.00750000
661.195 0.00500000
661.204 0.00345000
661.915 0.00470000
667.714 0.03000000
673.576 0.00365000
679.377 0.02750000
682.659 0.00280000
691.731 0.03250000
694.396 0.00315000