380.19 0.00200000
380.554 0.00200000
380.741 0.00300000
380.807 0.00600000
381.402 0.00300000
381.758 0.02000000
382.2 0.00300000
382.935 0.50000000
382.936 0.00300000
383.168 0.00300000
383.23 0.00300000
383.23 0.00300000
383.23 0.00300000
383.23 0.30000000
383.23 0.80000000
383.62 0.00300000
383.829 1.00000000
383.829 0.30000000
383.829 0.00300000
383.829 0.00300000
383.83 0.00300000
384.37 0.00300000
384.495 0.03000000
384.595 0.00300000
384.792 0.00300000
384.821 0.03000000
384.834 0.03000000
384.891 0.00600000
384.892 0.00600000
384.941 0.00300000
385.039 0.02400000
385.218 0.00300000
385.396 0.02400000
385.496 0.00300000
385.496 0.00700000
385.545 0.00300000
385.886 0.01400000
387.046 0.01900000
387.831 0.01900000
389.024 0.01900000
389.191 0.01300000
389.33 0.01900000
389.557 0.03600000
389.812 0.01800000
389.91 0.00200000
389.946 0.00200000
390.386 0.02700000
393.84 0.02100000
394.688 0.00200000
394.937 0.00200000
394.94 0.00200000
397.574 0.00700000
398.421 0.00300000
398.675 0.03000000
400.134 0.00600000
400.23 0.00300000
402.678 0.00600000
403.826 0.01400000
403.914 0.00800000
405.469 0.00500000
405.648 0.00200000
405.735 0.01700000
405.751 0.02000000
406.22 0.00198000
407.173 0.00196000
407.506 0.00200000
407.506 0.00800000
408.183 0.00200000
408.183 0.00600000
408.294 0.01900000
409.438 0.02100000
409.979 0.00400000
411.199 0.03900000
411.284 0.02000000
414.069 0.04800000
414.31 0.01700000
414.749 0.01900000
415.648 0.05400000
415.904 0.01700000
416.51 0.05100000
416.727 0.06900000
419.348 0.14100000
423.892 0.01200000
423.947 0.03900000
424.244 0.01500000
424.254 0.00800000
425.14 0.00132000
425.96 0.00184000
426.48 0.00182000
427.52 0.00186000
427.82 0.00182000
428.37 0.00182000
429.636 0.00178000
432.78 0.00300000
433.194 0.00900000
435.191 0.08700000
435.453 0.03000000
435.814 0.00900000
435.898 0.01400000
436.854 0.00300000
436.864 0.00300000
436.891 0.00300000
438.038 0.01300000
438.464 0.01700000
439.051 0.00174000
439.056 0.01700000
439.24 0.00174000
440.992 0.00174000
441.77 0.00174000
442.318 0.00300000
442.407 0.00300000
442.799 0.01200000
443.399 0.01400000
443.649 0.00900000
443.649 0.00172000
443.66 0.00600000
444.395 0.00500000
444.558 0.00800000
444.891 0.00172000
445.208 0.00172000
445.21 0.00172000
445.234 0.00300000
446.34 0.01400000
446.68 0.00170000
447.649 0.01100000
447.785 0.00800000
447.903 0.00600000
448.113 0.03000000
448.115 0.12300000
448.133 0.20000000
448.75 0.00300000
449.757 0.01300000
449.82 0.00200000
450.179 0.00156000
451.32 0.00170000
452.194 0.00170000
452.233 0.00170000
452.287 0.00130000
452.352 0.00170000
452.622 0.01100000
452.679 0.00170000
453.429 0.00700000
454.5 0.00168000
454.525 0.00168000
454.526 0.00168000
454.529 0.00168000
455.29 0.00200000
456.26 0.00300000
457.11 0.09300000
457.12 0.09300000
457.529 0.00500000
458.147 0.00400000
458.158 0.00400000
458.166 0.00400000
458.177 0.00400000
458.62 0.00800000
459.692 0.01000000
461.44 0.00168000
461.68 0.00168000
462.13 0.00300000
462.28 0.00168000
463.002 0.00168000
463.088 0.00200000
463.099 0.00168000
463.14 0.00110000
463.253 0.00800000
463.43 0.00168000
466.272 0.00168000
466.62 0.00168000
467.33 0.00800000
469.036 0.00200000
470.299 0.01700000
472.094 0.06000000
472.32 0.06600000
473.003 0.03600000
473.91 0.01300000
473.959 0.06600000
473.959 0.01300000
473.971 0.06000000
475.6 0.00400000
478.56 0.00168000
480.26 0.01300000
481.1 0.00170000
482.152 0.01200000
483.42 0.00170000
485.039 0.01300000
485.108 0.00900000
485.874 0.00180000
486.253 0.00182000
486.884 0.00184000
486.885 0.00500000
487.873 0.01000000
488.55 0.00194000
488.904 0.00300000
489.12 0.00200000
491.535 0.02700000
491.6 0.03900000
492.47 0.00300000
493.87 0.00400000
493.94 0.00400000
495.65 0.00500000
495.92 0.00500000
496.041 0.07200000
497.051 0.05700000
498.145 0.05100000
499.704 0.03300000
500.764 0.01800000
502.367 0.03600000
505.6 0.00200000
506.894 0.01600000
506.907 0.00200000
506.96 0.00200000
506.98 0.01200000
507.42 0.00200000
513.2 0.00200000
515.763 0.00200000
516.13 0.00200000
516.131 0.00200000
516.732 0.20000000
517.268 0.00200000
517.268 0.40000000
518.36 0.00200000
518.36 1.00000000
520.42 0.00200000
522.033 0.01100000
522.459 0.01700000
526.422 0.00700000
526.422 0.00144000
526.437 0.01200000
528.639 0.00500000
530.521 0.00700000
534.598 0.00200000
539.81 0.00128000
540.154 0.01300000
543.403 0.00160000
543.404 0.00800000
545.126 0.00200000
545.536 0.00200000
545.537 0.00200000
546.002 0.00200000
546.414 0.00500000
548.09 0.00200000
550.96 0.00500000
551.326 0.00200000
552.84 0.12000000
562.641 0.01600000
569.6 0.00182000
571.109 0.00500000
573.408 0.00500000
573.977 0.01200000
574.122 0.01400000
576.5 0.00300000
578.531 0.00500000
578.556 0.00400000
580.2 0.00136000
583.982 0.03000000
589.0 0.00200000
591.643 0.01800000
591.661 0.00300000
591.816 0.01700000
592.337 0.01100000
592.821 0.00700000
592.823 0.02400000
593.863 0.02100000
594.35 0.02000000
594.587 0.00400000
598.737 0.00500000
609.291 0.00800000
612.739 0.02400000
615.008 0.06900000
620.844 0.01900000
622.5 0.00200000
624.402 0.00400000
625.675 0.01600000
627.025 0.00800000
631.872 0.00400000
631.924 0.00400000
631.949 0.00900000
634.674 0.01300000
634.675 0.00138000
634.696 0.01400000
636.0 0.00140000
638.0 0.00192000
640.662 0.02400000
641.704 0.00300000
642.122 0.01300000
645.2 0.00300000
645.4 0.00300000
646.9 0.00200000
651.143 0.00700000
654.597 0.12300000
662.044 0.03600000
662.052 0.00800000
662.057 0.04500000
663.083 0.01100000
665.54 0.00300000
666.25 0.00300000
674.7 0.00200000
678.145 0.01400000
678.78 0.00200000
678.785 0.01600000
681.286 0.01400000
681.927 0.01600000
683.8 0.00200000
685.2 0.00200000
689.31 0.00200000
689.49 0.00800000
690.07 0.00200000
692.5 0.00200000
694.4 0.00200000
696.54 0.01300000