380.055 0.06000000
380.1 0.00100000
380.114 0.01000000
380.165 0.00555556
380.191 0.02000000
380.297 0.00100000
380.307 0.00100000
380.389 0.00100000
380.402 0.00100000
380.447 0.00100000
380.672 0.05000000
380.85 0.00100000
380.95 0.15000000
380.959 0.15000000
381.069 0.01444444
381.165 0.00100000
381.221 0.00555556
381.252 0.00555556
381.675 0.06000000
381.726 0.05333333
382.351 0.07333333
382.389 0.05000000
382.504 0.02000000
382.661 0.00100000
382.968 0.06000000
383.386 0.33333333
383.436 0.07333333
383.72 0.00100000
383.905 0.01333333
383.978 0.12333333
384.108 0.05000000
384.398 0.10000000
384.417 0.12000000
384.502 0.00100000
384.857 0.00555556
385.511 0.00100000
385.791 0.00184444
385.921 0.01000000
386.34 0.02333333
387.078 0.00100000
387.168 0.00100000
387.209 0.01000000
387.318 0.01222222
387.67 0.00100000
387.9 0.03666667
388.883 0.00100000
388.913 0.01333333
389.161 0.00100000
389.473 0.04000000
389.762 0.06333333
389.807 0.06333333
389.834 0.03000000
389.931 0.02333333
390.238 0.00666667
390.547 0.02000000
391.273 0.00444444
391.415 0.00100000
391.732 0.02000000
391.832 0.05000000
391.88 0.00100000
391.93 0.00100000
392.064 0.00100000
392.332 0.02000000
392.611 0.00333333
392.829 0.00100000
392.964 0.02333333
393.097 0.01444444
393.151 0.00100000
393.552 0.00100000
393.676 0.05000000
393.775 0.01444444
394.122 0.03333333
394.287 0.07333333
394.36 0.01666667
394.386 0.02333333
395.196 0.05000000
395.242 0.01777778
395.284 0.07333333
395.359 0.00444444
395.456 0.00100000
396.799 0.01666667
397.024 0.01666667
397.574 0.01555556
397.589 0.04000000
397.708 0.07666667
397.878 0.00075556
398.014 0.00777778
398.216 0.01777778
398.258 0.01444444
398.279 0.01444444
398.418 0.01444444
398.524 0.07000000
398.659 0.00213333
398.683 0.05000000
398.71 0.04000000
398.746 0.01000000
398.995 0.00066667
399.06 0.00064444
399.161 0.01666667
399.384 0.00062222
399.412 0.00444444
399.531 0.00555556
399.608 0.00062222
399.958 0.00060000
400.004 0.00777778
400.105 0.00666667
400.202 0.00888889
400.326 0.01111111
400.704 0.00555556
400.802 0.00777778
401.157 0.00777778
401.19 0.00666667
401.668 0.00444444
401.81 0.04000000
402.007 0.00444444
402.134 0.00048889
402.594 0.00146667
402.644 0.02333333
402.859 0.00097778
403.076 0.22222222
403.179 0.00444444
403.307 0.19666667
403.449 0.12333333
403.573 0.03000000
403.68 0.00048889
403.873 0.00777778
404.136 0.05000000
404.513 0.00777778
404.876 0.03333333
404.9 0.03333333
405.173 0.01111111
405.228 0.00055556
405.247 0.01111111
405.521 0.00555556
405.554 0.04666667
405.795 0.04666667
405.893 0.04666667
405.894 0.00060000
405.939 0.01222222
406.174 0.05000000
406.353 0.06333333
406.508 0.01222222
406.635 0.00777778
406.8 0.03333333
407.028 0.05333333
407.4 0.00071111
407.525 0.01777778
407.924 0.03666667
407.942 0.03666667
408.145 0.01444444
408.294 0.06333333
408.363 0.06333333
408.366 0.15333333
408.54 0.00444444
408.547 0.00082222
408.79 0.00444444
408.856 0.00086667
408.994 0.07000000
409.059 0.01000000
409.238 0.02666667
409.44 0.00444444
409.663 0.00093333
409.951 0.00097778
410.0 0.00777778
410.5 0.04000000
410.536 0.05000000
410.786 0.02000000
410.92 0.00062222
411.062 0.01777778
411.09 0.08000000
411.212 0.00100000
411.387 0.02000000
411.438 0.02000000
411.65 0.01444444
411.898 0.00100000
411.899 0.00100000
412.236 0.00100000
412.276 0.00100000
412.328 0.01222222
412.357 0.01444444
412.582 0.00100000
412.812 0.01555556
413.112 0.05000000
413.23 0.00102222
413.4 0.00102222
413.504 0.05000000
413.624 0.00111111
413.694 0.03333333
413.727 0.04000000
414.044 0.01222222
414.106 0.05333333
414.753 0.04333333
414.88 0.05333333
415.159 0.00108889
415.422 0.00106667
415.557 0.04333333
415.869 0.00106667
416.498 0.00104444
416.619 0.00104444
416.722 0.00104444
417.104 0.02666667
417.151 0.03333333
417.213 0.00333333
417.228 0.00333333
417.432 0.06666667
417.66 0.10333333
417.747 0.01333333
417.762 0.00064444
418.003 0.01333333
418.224 0.00102222
418.446 0.03333333
418.999 0.08000000
419.31 0.00100000
419.544 0.00100000
419.717 0.00097778
420.028 0.03333333
420.03 0.00097778
420.14 0.00097778
420.176 0.04000000
420.313 0.00097778
420.537 0.05666667
420.637 0.11000000
420.71 0.00053333
420.723 0.01666667
420.794 0.00097778
421.175 0.03000000
421.554 0.00051111
422.061 0.05666667
422.182 0.00095556
422.361 0.00051111
422.432 0.00095556
422.507 0.00095556
423.013 0.00095556
423.284 0.00200000
423.514 0.18000000
423.529 0.22222222
423.786 0.03333333
423.787 0.03333333
423.878 0.14333333
423.918 0.11000000
423.972 0.33333333
424.039 0.03666667
424.233 0.18000000
424.282 0.00333333
424.292 0.05333333
424.425 0.22222222
424.594 0.00555556
424.617 0.11000000
424.795 0.05666667
425.173 0.08000000
425.296 0.08000000
425.302 0.08000000
425.312 0.00555556
425.766 0.12333333
425.835 0.00124444
425.919 0.09000000
425.933 0.01222222
426.046 0.02333333
426.128 0.02666667
426.592 0.13666667
426.785 0.00666667
427.587 0.01333333
427.867 0.02333333
427.954 0.00160000
428.11 0.16000000
428.169 0.01111111
428.195 0.05666667
428.199 0.01111111
428.218 0.01111111
428.226 0.02333333
428.247 0.07333333
428.377 0.08333333
428.408 0.12666667
428.443 0.05666667
428.807 0.04333333
428.96 0.04666667
429.007 0.01333333
429.146 0.02333333
429.223 0.33333333
429.327 0.02333333
429.368 0.01555556
429.397 0.00777778
430.019 0.08666667
430.025 0.00142222
430.296 0.04666667
430.567 0.05333333
430.815 0.09666667
431.07 0.02666667
431.123 0.01444444
431.164 0.00444444
431.255 0.10000000
431.438 0.01888889
431.619 0.00888889
431.677 0.00444444
431.772 0.02666667
431.852 0.05666667
432.505 0.04333333
432.614 0.00042222
432.664 0.15333333
432.674 0.03000000
432.796 0.00033333
432.866 0.00031111
432.943 0.00444444
433.169 0.00555556
433.696 0.01111111
433.742 0.04333333
433.834 0.02666667
434.258 0.01555556
434.398 0.07666667
434.559 0.02333333
434.641 0.02333333
434.84 0.09000000
435.663 0.01666667
435.963 0.01333333
435.982 0.02222222
436.2 0.00095556
436.325 0.02000000
436.522 0.02666667
436.887 0.05666667
437.189 0.00188889
437.495 0.17666667
437.774 0.09666667
437.964 0.14666667
438.17 0.09000000
438.191 0.00111111
438.574 0.01555556
438.657 0.00777778
438.808 0.06333333
439.196 0.00666667
439.339 0.00777778
440.351 0.07000000
440.809 0.14666667
441.05 0.16000000
441.188 0.33333333
441.488 0.55555556
441.978 0.33333333
443.142 0.00162222
443.368 0.02222222
443.406 0.10000000
443.42 0.00188889
443.635 0.16666667
443.71 0.00213333
444.2 0.06333333
445.159 0.44444444
445.252 0.03333333
445.3 0.22000000
445.501 0.17666667
445.532 0.18666667
445.582 0.20666667
445.702 0.01000000
445.704 0.20000000
445.755 0.21333333
445.826 0.33333333
446.038 0.22222222
446.108 0.44444444
446.202 0.88888889
446.468 0.77777778
447.014 0.66666667
447.279 0.66666667
447.863 0.33333333
447.94 0.16333333
449.008 0.21333333
449.663 0.12000000
449.699 0.01222222
449.795 0.00777778
449.89 0.55555556
450.055 0.04666667
450.222 0.55555556
450.32 0.05333333
450.387 0.33333333
450.631 0.00444444
450.921 0.01111111
451.021 0.02111111
451.414 0.00222222
451.895 0.33333333
451.924 0.03000000
452.335 0.03333333
452.532 0.02333333
452.539 0.02333333
452.696 0.00080000
452.98 0.06000000
453.003 0.01222222
453.913 0.00222222
453.94 0.00222222
454.441 0.13666667
456.47 0.00168889
460.536 0.21000000
461.059 0.00222222
462.654 0.33333333
463.916 0.00888889
464.28 0.08000000
464.759 0.00666667
465.282 0.00333333
467.169 0.10666667
468.956 0.01555556
470.116 0.11666667
470.272 0.01000000
470.972 0.21666667
471.729 0.01888889
472.748 0.33333333
472.786 0.03666667
473.038 0.03000000
473.794 0.00211111
473.83 0.02666667
473.911 0.33333333
474.295 0.01777778
474.915 0.01666667
475.404 0.77777778
475.573 0.01888889
476.153 0.11333333
476.238 0.19000000
476.473 0.12666667
476.586 0.11666667
476.643 0.15666667
478.342 1.00000000
479.181 0.04333333
479.396 0.04333333
480.332 0.01111111
480.686 0.20000000
481.162 0.02000000
482.352 1.00000000
483.008 0.03333333
483.977 0.01222222
484.236 0.02000000
484.432 0.08666667
484.76 0.09666667
485.146 0.01222222
490.1 0.00777778
492.048 0.00555556
492.126 0.02333333
494.2 0.00095556
494.241 0.00333333
496.588 0.07333333
498.706 0.01444444
500.491 0.18333333
502.1 0.01555556
502.98 0.09000000
504.258 0.01666667
507.479 0.00777778
507.92 0.10000000
510.003 0.09333333
510.252 0.00555556
510.709 0.00222222
511.703 0.10666667
511.794 0.04666667
512.332 0.01000000
514.916 0.02666667
515.089 0.14000000
517.765 0.00666667
519.659 0.11666667
519.722 0.04000000
525.182 0.00888889
525.223 0.09333333
525.532 0.07666667
526.077 0.01555556
529.287 0.00128889
529.433 0.02666667
529.54 0.03666667
529.706 0.05000000
529.937 0.06333333
530.244 0.07666667
530.735 0.01000000
531.709 0.00777778
533.197 0.05333333
533.487 0.00104444
534.106 0.22222222
534.289 0.00100000
534.308 0.00202222
534.33 0.01555556
534.366 0.00333333
534.813 0.01222222
534.988 0.02666667
536.559 0.13000000
536.68 0.00177778
537.763 0.08666667
538.854 0.02333333
539.458 0.01000000
539.467 0.12333333
539.949 0.09666667
540.742 0.13333333
541.369 0.05666667
541.483 0.03000000
542.036 0.09333333
542.192 0.01444444
543.255 0.04000000
543.3 0.00095556
544.648 0.00333333
545.407 0.05000000
545.747 0.00444444
547.064 0.01111111
547.346 0.00333333
547.468 0.06666667
548.14 0.02333333
549.487 0.01000000
550.112 0.00444444
550.422 0.00888889
550.587 0.04666667
550.997 0.00444444
551.019 0.00124444
551.148 0.00444444
551.677 0.06666667
553.65 0.00222222
553.776 0.09333333
555.198 0.02333333
555.905 0.09333333
556.138 0.00173333
556.776 0.02000000
557.051 0.06000000
557.301 0.01666667
557.368 0.01666667
557.815 0.07333333
559.07 0.00444444
562.011 0.00555556
562.21 0.00555556
566.828 0.00028889
567.112 0.03666667
567.2 0.00028889
569.043 0.00042222
569.2 0.00044444
570.18 0.00057778
571.12 0.00111111
572.672 0.15000000
572.857 0.00222222
573.829 0.01666667
575.223 0.01555556
577.51 0.00222222
578.019 0.02666667
578.476 0.00333333
580.762 0.01555556
581.684 0.05333333
582.629 0.07333333
586.1 0.00444444
586.269 0.00444444
588.54 0.00333333
589.49 0.00444444
590.172 0.06333333
591.356 0.07666667
592.737 0.01222222
594.391 0.00222222
594.665 0.06000000
596.327 0.00333333
597.858 0.02222222
599.01 0.00193333
600.4 0.00220000
600.826 0.00222222
600.925 0.00444444
600.987 0.00555556
601.35 0.22222222
601.664 0.22000000
602.18 0.21666667
602.44 0.00222222
604.036 0.00666667
604.536 0.00444444
605.038 0.03000000
605.185 0.01333333
605.28 0.00555556
606.62 0.00555556
608.33 0.00333333
610.136 0.00148889
610.528 0.03333333
610.721 0.00333333
610.873 0.00122222
612.243 0.11000000
612.281 0.02111111
612.316 0.00137778
612.586 0.06666667
612.622 0.02666667
612.65 0.00133333
612.873 0.05333333
612.903 0.02666667
612.924 0.00128889
613.08 0.03666667
613.102 0.01222222
613.192 0.01222222
615.76 0.00042222
616.6 0.00042222
619.097 0.00146667
620.136 0.00021556
621.311 0.03666667
621.83 0.00013111
621.91 0.00013111
623.121 0.05666667
623.4 0.00011111
623.864 0.03000000
624.094 0.00144444
626.714 0.00555556
627.371 0.06333333
633.0 0.00333333
634.36 0.00333333
634.415 0.06333333
634.978 0.03666667
635.46 0.00155556
637.031 0.10333333
637.898 0.02666667
638.219 0.02666667
638.467 0.03333333
639.36 0.00133333
641.097 0.00555556
641.112 0.01777778
641.395 0.03000000
642.343 0.02666667
643.176 0.00157778
644.097 0.10000000
644.35 0.01666667
644.632 0.13000000
644.927 0.00888889
645.289 0.00166667
645.726 0.05666667
646.221 0.01000000
646.245 0.01666667
646.28 0.02333333
646.32 0.03333333
646.364 0.04000000
646.743 0.00333333
647.13 0.00124444
647.538 0.00444444
649.171 0.16333333
649.704 0.04000000
650.974 0.02666667
651.88 0.03000000
651.937 0.03000000
653.615 0.02111111
653.63 0.00173333
654.459 0.00157778
654.517 0.00777778
656.564 0.03000000
657.168 0.00888889
660.926 0.04666667
662.53 0.00333333
662.586 0.00333333
665.7 0.01333333
666.0 0.00333333
666.5 0.00333333
667.761 0.00444444
667.898 0.00444444
668.238 0.09666667
670.902 0.00444444
676.348 0.00222222
685.0 0.00666667
685.21 0.00333333
690.763 0.00777778
694.252 0.10000000
696.53 0.01000000
697.84 0.00197778
698.996 0.08000000