380.187 0.00758170
380.599 0.01960784
382.254 0.00575163
382.669 0.04575163
382.715 0.03921569
382.888 0.05882353
383.375 0.11764706
383.909 0.00771242
384.725 0.03267974
385.7 0.00109804
386.41 1.00000000
386.908 0.02614379
388.682 0.02614379
390.177 0.01307190
390.295 0.64705882
391.543 0.03267974
393.892 0.00522876
394.148 0.07843137
394.304 0.00522876
394.308 0.00522876
394.833 0.00048366
399.185 0.00156863
400.944 0.01307190
403.648 0.00300654
405.118 0.00666667
405.455 0.00036601
405.601 0.01960784
406.155 0.00169935
406.202 0.11764706
406.208 0.05882353
406.471 0.01960784
406.527 0.03267974
406.988 0.01960784
407.156 0.03267974
407.477 0.03921569
407.619 0.01960784
408.144 0.03921569
408.437 0.03921569
410.215 0.04575163
410.746 0.06535948
412.35 0.03921569
413.192 0.03267974
414.355 0.27450980
414.894 0.00901961
414.894 0.10457516
415.528 0.06535948
415.79 0.00640523
416.49 0.00183007
417.828 0.06535948
418.429 0.01307190
418.582 0.15686275
418.662 0.19607843
418.832 0.43137255
419.456 0.12418301
423.202 0.70588235
423.259 0.17647059
424.083 0.05882353
424.602 0.07189542
425.183 0.00050980
425.188 0.12418301
425.495 0.04575163
426.928 0.03921569
427.293 0.03921569
427.691 0.09803922
427.724 0.09803922
428.863 0.35294118
429.213 0.25490196
429.213 0.01960784
429.322 0.31372549
429.388 0.04575163
432.2 0.04575163
432.58 0.08496732
432.614 0.17647059
432.674 0.17647059
433.493 0.07843137
434.074 0.03921569
435.033 0.10457516
436.904 0.13071895
438.163 0.56862745
438.241 0.07843137
438.443 0.12418301
439.96 0.00248366
441.156 0.07189542
441.17 0.17647059
442.361 0.15686275
443.495 0.37254902
444.22 0.25490196
444.974 0.33333333
445.735 0.39215686
446.631 0.00392157
447.414 0.00126797
447.457 0.19607843
449.128 0.05882353
449.165 0.00915033
450.49 0.00823529
451.213 0.05228758
451.712 0.06535948
452.433 0.00509804
452.434 0.06535948
452.94 0.05228758
453.68 0.15686275
454.307 0.00732026
455.81 0.05228758
457.649 0.07189542
459.516 0.07843137
459.823 0.03267974
460.987 0.08496732
462.136 0.05882353
462.423 0.05228758
462.464 0.01960784
462.646 0.19607843
462.748 0.15686275
463.308 0.03921569
463.767 0.00718954
465.224 0.00588235
466.097 0.00126797
466.276 0.05228758
467.19 0.03921569
468.608 0.01307190
468.727 0.00037908
468.821 0.05228758
470.725 0.25490196
470.822 0.06535948
471.792 0.13071895
471.886 0.06535948
472.914 0.09803922
473.144 0.35294118
474.652 0.31372549
475.039 0.10457516
475.85 0.07189542
476.018 0.19607843
476.411 0.00098039
477.634 0.05882353
479.652 0.06535948
481.105 0.08496732
481.925 0.13725490
483.051 0.15686275
486.802 0.13725490
495.061 0.12418301
495.753 0.07843137
497.912 0.13725490
499.99 0.11764706
501.458 0.09803922
501.676 0.06535948
501.984 0.03921569
502.899 0.05228758
503.076 0.04575163
503.89 0.00048366
503.891 0.01960784
504.436 0.00666667
504.622 0.00222222
504.651 0.04575163
504.77 0.05228758
505.5 0.03921569
505.987 0.07189542
506.251 0.03921569
506.463 0.03921569
507.986 0.01960784
508.001 0.04575163
508.125 0.04575163
509.097 0.03921569
509.133 0.02614379
509.588 0.03921569
509.664 0.05882353
509.752 0.07843137
509.803 0.03921569
510.971 0.05882353
511.497 0.05228758
511.696 0.03267974
512.382 0.02614379
514.538 0.04575163
514.738 0.04575163
516.318 0.03921569
516.775 0.03267974
517.106 0.03267974
517.124 0.01307190
517.294 0.07189542
517.418 0.07189542
519.145 0.00049673
520.015 0.07189542
520.074 0.03921569
521.043 0.03267974
521.186 0.03921569
523.106 0.02614379
523.236 0.01960784
523.426 0.02614379
523.821 0.07843137
524.087 0.07843137
524.28 0.05228758
524.55 0.02614379
524.749 0.00993464
525.903 0.07189542
526.014 0.01215686
526.113 0.02614379
526.153 0.00379085
526.893 0.01960784
527.178 0.02614379
527.626 0.03267974
527.674 0.03267974
527.964 0.03267974
528.383 0.01960784
529.207 0.03267974
529.345 0.03267974
529.546 0.03267974
530.624 0.02614379
531.389 0.03921569
531.503 0.03267974
531.988 0.01960784
532.446 0.02614379
532.71 0.03921569
532.711 0.00040523
535.488 0.04575163
535.552 0.01960784
535.646 0.03921569
536.051 0.15686275
536.428 0.10457516
536.708 0.01307190
537.239 0.03267974
538.866 0.02614379
539.451 0.04575163
540.046 0.03921569
540.577 0.00901961
540.638 0.02614379
541.737 0.03267974
542.688 0.03267974
543.567 0.05228758
543.774 0.05228758
545.05 0.05228758
545.647 0.03921569
546.05 0.03921569
546.556 0.03921569
547.589 0.04575163
549.027 0.05882353
549.216 0.04575163
549.376 0.05882353
549.849 0.05882353
550.154 0.05882353
550.187 0.05882353
550.354 0.01307190
550.649 0.62745098
552.064 0.05882353
552.652 0.06535948
552.696 0.06535948
553.303 0.49019608
553.94 0.05228758
554.311 0.03921569
554.448 0.03921569
555.628 0.05228758
555.672 0.03267974
556.404 0.02614379
556.86 0.03921569
556.947 0.01960784
557.044 0.25490196
557.518 0.02614379
558.508 0.00339869
559.158 0.03267974
560.275 0.02614379
560.862 0.01960784
560.923 0.01307190
561.093 0.03267974
561.307 0.01960784
561.845 0.01960784
561.937 0.01307190
561.963 0.00352941
563.246 0.09803922
563.486 0.02614379
565.013 0.07843137
567.362 0.01960784
567.447 0.03267974
567.79 0.03267974
568.29 0.02614379
568.915 0.11111111
569.928 0.01960784
570.571 0.04575163
571.178 0.02614379
572.274 0.11764706
572.876 0.01960784
572.944 0.01307190
575.141 0.13725490
577.453 0.01960784
577.934 0.02614379
578.333 0.02614379
579.184 0.13725490
580.044 0.02614379
580.267 0.03921569
582.52 0.05882353
583.558 0.05228758
583.996 0.03921569
584.886 0.07189542
584.971 0.09803922
585.15 0.05228758
585.827 0.29411765
586.137 0.03267974
586.931 0.08496732
587.137 0.00522876
587.658 0.04575163
588.831 0.31372549
589.227 0.04575163
589.336 0.15686275
589.593 0.00509804
589.884 0.01960784
590.146 0.06535948
592.637 0.17647059
592.888 0.25490196
598.816 0.10457516
602.548 0.06535948
602.726 0.04575163
603.064 0.68627451
603.562 0.00022222
604.784 0.04575163
605.481 0.07189542
607.956 0.09150327
608.127 0.02614379
610.187 0.13071895
618.867 0.07843137
619.765 0.06535948
621.79 0.06535948
626.427 0.03921569
626.586 0.06535948
629.072 0.09803922
629.079 0.00013072
630.177 0.11764706
632.353 0.09803922
633.604 0.06535948
635.72 0.13725490
638.909 0.02614379
639.112 0.01960784
640.91 0.03921569
641.239 0.02614379
642.435 0.15686275
644.634 0.03267974
647.121 0.13725490
647.399 0.05882353
649.312 0.05882353
651.983 0.06535948
661.118 0.02614379
661.913 0.37254902
662.456 0.01960784
665.036 0.07843137
665.967 0.01960784
669.046 0.01960784
673.395 0.37254902
674.603 0.05228758
674.628 0.13071895
675.398 0.07189542
676.348 0.05228758
679.988 0.00732026
680.262 0.00653595
681.204 0.00261438
682.563 0.00086275
682.903 0.35294118
683.889 0.19607843
684.89 0.07843137
688.63 0.09803922
689.236 0.04575163
689.8 0.05882353
689.896 0.05228758
690.819 0.08496732
691.4 0.15686275
693.409 0.05882353
694.741 0.05882353
696.062 0.04575163
697.873 0.07843137
698.896 0.09150327
699.912 0.01960784