381.312 0.00001900
381.461 0.00001200
382.05 0.00001400
384.8 0.00000000
385.832 0.00009700
386.55 0.00002500
387.126 0.00005800
387.29 0.00000000
387.896 0.00003100
388.18 0.00008200
388.57 0.00000000
388.722 0.00001800
388.887 0.00002500
389.578 0.00002500
389.692 0.00001400
390.04 0.00000000
390.167 0.00001800
390.369 0.00001600
390.474 0.00001900
391.026 0.00001900
391.79 0.00003100
392.56 0.00001700
392.671 0.00001900
393.06 0.00000000
393.696 0.00001900
393.945 0.00001200
394.15 0.00001600
394.26 0.00000000
394.298 0.00002500
398.03 0.00000000
398.585 0.00000000
399.697 0.00002500
399.77 0.00000000
399.878 0.00001400
400.363 0.00000000
400.498 0.00001900
400.88 0.00000000
402.793 0.00000000
405.601 0.00000000
405.967 0.00000000
408.137 0.00003900
408.76 0.00002500
410.735 0.00000000
411.37 0.00005800
412.308 0.00300000
412.703 0.00001600
414.907 0.00001800
416.5 0.00058000
416.527 0.00000000
416.803 0.00001200
417.193 0.00003100
417.288 0.00003100
417.413 0.00002900
417.67 0.00001600
418.55 0.00002900
419.402 0.00001200
420.276 0.00002500
420.484 0.00001200
420.49 0.00000000
420.872 0.00001600
421.627 0.00003100
423.096 0.00000000
423.272 0.00002500
423.326 0.00004900
423.899 0.00000000
424.037 0.00003900
424.09 0.00004900
424.208 0.00000000
424.281 0.00001400
424.341 0.00001400
424.683 0.00000000
424.941 0.00058000
425.252 0.00058000
425.38 0.00000000
426.058 0.00003900
427.364 0.00000000
427.39 0.00000000
427.679 0.00000000
428.67 0.00000000
428.784 0.00000000
429.038 0.00001500
429.101 0.00000000
429.249 0.00007100
429.286 0.00007300
430.219 0.00003200
430.453 0.00003200
430.587 0.00003400
430.675 0.00004200
430.882 0.00016000
430.904 0.00017000
432.075 0.00000000
432.091 0.00250000
432.14 0.00000000
432.462 0.00000000
432.698 0.00011000
433.442 0.00005500
433.729 0.00015000
433.752 0.00000000
434.149 0.00150000
434.411 0.00012000
434.474 0.00000000
435.36 0.00002500
436.86 0.00005500
437.522 0.00006300
437.819 0.00001800
438.419 0.00004400
438.749 0.00005100
439.003 0.00350000
439.281 0.00005800
439.334 0.00450000
439.632 0.00003600
440.141 0.00002100
440.511 0.00005000
441.989 0.00100000
442.325 0.00100000
443.23 0.00014000
443.518 0.00002800
443.847 0.00006200
444.1 0.00004800
444.259 0.00007700
444.32 0.00006200
444.593 0.00007700
444.67 0.00009600
444.741 0.00009600
445.183 0.00002900
445.456 0.00000000
445.474 0.00009700
445.522 0.00009700
445.702 0.00000000
445.722 0.00009600
445.951 0.00003900
447.21 0.00004700
447.274 0.00004300
447.463 0.00009500
447.862 0.00004700
447.88 0.00009400
448.042 0.00006100
448.166 0.00009400
448.779 0.00006100
449.016 0.00009300
449.087 0.00009300
449.104 0.00000000
449.418 0.02850000
449.615 0.00006000
449.766 0.03300000
449.943 0.00000000
449.962 0.00009300
450.369 0.00006100
450.697 0.00009400
450.9 0.00006200
451.048 0.00007600
451.441 0.00002900
451.738 0.00006300
451.92 0.00009800
452.498 0.00010000
452.661 0.00002000
452.931 0.00004600
453.332 0.00010000
453.803 0.00003200
454.163 0.00550000
454.519 0.00850000
454.785 0.00004600
454.95 0.00002600
455.152 0.00012000
455.179 0.00004600
455.832 0.00003000
456.907 0.00004200
457.044 0.00007800
457.355 0.00003000
457.842 0.00003500
458.438 0.00004300
459.093 0.00008000
459.819 0.00002400
459.974 0.00002800
461.338 0.00005500
461.455 0.00002100
463.394 0.00002100
464.62 0.00002900
466.481 0.03150000
466.856 0.07650000
468.964 0.00001700
472.233 0.00019000
472.86 0.00005700
473.114 0.00024000
473.25 0.00015000
473.374 0.00006800
474.167 0.00023000
474.794 0.01950000
474.985 0.00004900
475.182 0.02250000
475.771 0.00004600
476.131 0.00003400
476.89 0.00008900
478.879 0.00002300
479.449 0.00000000
480.282 0.00000000
481.003 0.00000000
481.475 0.00000000
483.526 0.00000000
484.188 0.00000000
488.54 0.00000000
490.793 0.00000000
492.38 0.00000000
497.326 0.00001600
497.854 0.00450000
498.281 0.06750000
507.12 0.00003200
513.375 0.00000000
514.311 0.00000000
514.884 0.00000000
515.34 0.00000000
516.25 0.00000000
518.715 0.00000000
519.165 0.00000000
519.523 0.00000000
520.333 0.00000000
520.608 0.00000000
520.855 0.00000000
520.994 0.00000000
521.349 0.00000000
522.819 0.00000000
523.531 0.00000000
523.943 0.00000000
525.64 0.00000000
526.066 0.00000000
527.572 0.00000000
529.165 0.00001300
530.447 0.00000000
530.736 0.00000000
530.914 0.00000000
536.041 0.00000000
536.246 0.00000000
537.902 0.00000000
539.063 0.00001200
539.941 0.00000000
540.046 0.00001400
540.207 0.00000000
541.455 0.00001800
544.12 0.00001600
548.59 0.00000000
552.111 0.00001600
553.372 0.00000000
559.83 0.00000000
560.774 0.00000000
562.1 0.00000000
565.563 0.00001600
566.478 0.00001900
568.263 0.01500000
568.819 0.00000000
568.82 0.05850000
570.007 0.00002500
570.6 0.00002500
570.812 0.00002500
570.961 0.00002500
571.617 0.00001900
572.138 0.00001900
573.194 0.00001200
574.42 0.00000000
574.811 0.00000000
576.537 0.00001200
582.684 0.00001600
583.687 0.00002300
588.995 1.00000000
589.592 0.50000000
592.135 0.00001200
594.09 0.00001600
597.359 0.00001300
602.667 0.00000000
606.327 0.00001200
612.146 0.00000000
615.423 0.06600000
616.075 0.06600000
617.525 0.00000000
618.766 0.00000000
619.926 0.00001000
623.222 0.00001100
623.468 0.00001300
626.001 0.00001600
627.474 0.00001600
629.466 0.00001400
631.08 0.00001200
635.283 0.00001200
635.805 0.00001200
636.115 0.00001400
636.641 0.00001400
637.891 0.00001200
640.479 0.00001200
643.875 0.00000000
644.485 0.00000000
645.076 0.00000000
646.221 0.00001200
647.133 0.00000000
647.529 0.00000000
651.421 0.00001800
652.468 0.00001600
653.07 0.00002500
654.404 0.00002500
654.575 0.00002500
655.243 0.00001600
656.585 0.00000000
660.93 0.00001200
665.15 0.00001400
668.9 0.00000000
677.41 0.00000000
678.95 0.00000000
683.78 0.00000000