380.292 0.00297436
380.388 0.00184615
380.474 0.00297436
381.049 0.00287179
381.103 0.00069744
381.551 0.00164103
381.886 0.01538462
381.915 0.00062564
382.488 0.00225641
382.542 0.00008821
382.57 0.75384615
382.588 0.93846154
383.107 0.00007692
383.518 0.00070769
383.645 0.00017436
384.59 0.00090256
385.287 0.18461538
385.533 0.00028718
385.895 0.00143590
386.338 0.00044103
386.792 0.00092308
386.955 0.02564103
387.545 0.00034872
387.756 0.00184615
387.882 0.00018462
388.22 0.18461538
388.314 0.00123077
388.544 0.00430769
388.568 0.00133333
388.607 0.00044103
389.13 0.00502564
389.803 0.58461538
390.012 0.15384615
390.897 0.00066667
391.47 0.00738462
391.692 0.07692308
392.02 0.00820513
392.188 0.05128205
393.744 0.00317949
394.056 0.24615385
394.331 0.18461538
394.367 0.00564103
396.569 0.00297436
396.609 0.00307692
397.185 0.00133333
398.576 0.15384615
400.185 0.16923077
403.224 0.23076923
403.252 0.00348718
403.953 0.00512821
404.998 0.05128205
405.262 0.05641026
405.894 0.03076923
405.951 0.00014359
406.079 0.00022564
406.341 0.16923077
406.468 0.00005231
406.826 0.00046154
407.973 0.04615385
408.486 0.00143590
409.653 0.10769231
410.04 0.00800000
410.092 0.12307692
411.69 0.00543590
412.381 0.15384615
412.943 0.02564103
412.993 0.03589744
413.71 0.18461538
413.944 0.02051282
413.971 0.09230769
414.321 0.01538462
415.012 0.02051282
415.258 0.26153846
416.347 0.01538462
416.366 0.21538462
416.466 0.18461538
416.813 0.33846154
418.444 0.20000000
419.088 0.15384615
419.207 0.09743590
419.509 0.12307692
419.566 0.03589744
419.851 0.04615385
420.152 0.13846154
420.531 0.10256410
421.473 0.04615385
421.794 0.03589744
422.915 0.16923077
425.544 0.20000000
426.205 0.18461538
426.602 0.20000000
427.069 0.13846154
428.699 0.24615385
429.96 0.21538462
430.099 0.21538462
430.956 0.05128205
431.127 0.52307692
431.245 0.02564103
432.633 0.13846154
432.738 0.04102564
433.137 0.03589744
434.282 0.05641026
434.865 0.12307692
434.903 0.06666667
435.157 0.12307692
436.843 0.18461538
437.796 0.21538462
438.836 0.08205128
439.269 0.05641026
441.021 0.23076923
441.944 0.20000000
443.722 0.53846154
444.718 0.21538462
445.68 0.05128205
445.742 0.15384615
446.971 0.12307692
447.129 0.24615385
447.253 0.12307692
450.304 0.07692308
452.341 0.27692308
454.682 0.29230769
456.453 0.12307692
457.308 0.53846154
458.162 0.56923077
460.677 0.46153846
461.617 0.07179487
463.011 0.30769231
464.895 0.16923077
464.927 0.01538462
466.383 0.13846154
466.624 0.13846154
466.722 0.07179487
467.209 1.00000000
467.537 0.30769231
467.848 0.02564103
468.514 0.07179487
470.614 0.15384615
470.829 0.15384615
471.35 0.04615385
473.389 0.07692308
474.97 0.18461538
481.638 0.08205128
484.837 0.27692308
496.778 0.33846154
497.314 0.04615385
498.897 0.58461538
500.095 0.13846154
500.225 0.04615385
501.327 0.03589744
501.775 0.27692308
501.951 0.03589744
502.636 0.15384615
503.013 0.01538462
503.904 0.46153846
504.796 0.03076923
505.801 0.16923077
505.935 0.05128205
506.525 0.24615385
507.74 0.02051282
507.896 0.81538462
509.441 0.02051282
509.53 0.20000000
510.016 0.36923077
512.03 0.09743590
512.18 0.02564103
512.766 0.01538462
513.334 0.01538462
513.475 0.29230769
514.058 0.01538462
514.754 0.05128205
515.064 0.01538462
515.263 0.16923077
516.033 0.32307692
516.438 0.24615385
518.031 0.26153846
518.698 0.09230769
518.92 0.15384615
519.308 0.18461538
519.584 0.05641026
520.322 0.03076923
520.513 0.01538462
521.91 0.26153846
522.516 0.05128205
523.281 0.21538462
523.743 0.03589744
524.039 0.02564103
525.162 0.07692308
525.303 0.03589744
525.393 0.07179487
526.992 0.01005128
527.153 0.40000000
527.248 0.00974359
527.62 0.38461538
527.943 0.02051282
528.526 0.06666667
529.634 0.02564103
531.555 0.03076923
531.701 0.00912821
531.86 0.30769231
531.949 0.04615385
533.487 0.09743590
533.681 0.00861538
534.08 0.01025641
534.358 0.00728205
534.417 0.58461538
535.074 0.21538462
535.328 0.00748718
535.531 0.00451282
535.57 0.01025641
535.919 0.00471795
536.201 0.00492308
537.527 0.04102564
538.134 0.03076923
538.83 0.02051282
539.586 0.01025641
539.633 0.06153846
541.124 0.04102564
541.63 0.04102564
542.244 0.09230769
543.126 0.03589744
543.727 0.09230769
544.831 0.02564103
545.619 0.02051282
545.804 0.03589744
546.81 0.02564103
548.1 0.07692308
548.309 0.05128205
548.349 0.05128205
549.106 0.02051282
549.953 0.01538462
550.458 0.09230769
550.912 0.01538462
551.282 0.05641026
551.739 0.00800000
552.357 0.07692308
554.147 0.02051282
555.135 0.13846154
556.3 0.03076923
557.144 0.00656410
557.616 0.10256410
557.829 0.02051282
558.697 0.04615385
559.095 0.03589744
559.489 0.01538462
559.959 0.02564103
560.352 0.08205128
560.393 0.02564103
562.826 0.02051282
562.917 0.07179487
563.542 0.02051282
564.211 0.12307692
564.53 0.00656410
565.414 0.00317949
566.471 0.09743590
566.563 0.09743590
566.686 0.00266667
567.102 0.15384615
567.191 0.01025641
567.747 0.00358974
569.309 0.01538462
569.79 0.02051282
569.803 0.01538462
570.616 0.02564103
570.648 0.06666667
570.933 0.03076923
571.559 0.02051282
571.635 0.06153846
572.566 0.04615385
572.919 0.12307692
573.736 0.02564103
573.82 0.01538462
575.144 0.04102564
576.034 0.06153846
576.499 0.04102564
577.108 0.05128205
577.607 0.06666667
578.034 0.00358974
578.754 0.05128205
578.979 0.00287179
579.424 0.00892308
580.403 0.02051282
581.533 0.03076923
581.943 0.12307692
582.062 0.06153846
583.49 0.02051282
583.815 0.01538462
583.864 0.21538462
584.247 0.01538462
584.609 0.00564103
586.647 0.18461538
587.47 0.12307692
587.779 0.01538462
589.344 0.02564103
590.062 0.29230769
590.38 0.00769231
592.741 0.06666667
593.416 0.12307692
595.77 0.13846154
598.322 0.20000000
598.608 0.04615385
599.793 0.20000000
602.975 0.06666667
603.184 0.07179487
604.55 0.18461538
604.872 0.05641026
605.665 0.07179487
610.771 0.13846154
614.251 0.13846154
614.813 0.27692308
616.432 0.12307692
621.306 0.13846154
622.196 0.30769231
625.176 0.29230769
626.077 0.20000000
643.046 0.12307692
643.322 0.04102564
649.784 0.27692308
654.461 0.26153846
657.473 0.04615385
659.1 0.15384615
660.616 0.09230769
660.728 0.08205128
661.415 0.08205128
662.698 0.08717949
666.084 0.23076923
667.733 0.30769231
670.12 0.26153846
672.362 0.13846154
673.988 0.12307692
679.531 0.03076923
682.811 0.33846154
684.935 0.04102564
687.092 0.06153846
687.636 0.23076923
690.289 0.13846154
690.807 0.09230769
691.832 0.16923077
694.607 0.03076923
697.249 0.04615385
698.609 0.04615385
699.032 0.23076923
699.611 0.03589744