380.082 0.00028000
380.101 0.00028000
380.283 0.00011867
380.625 0.00010400
381.367 0.00012533
381.789 0.00533333
381.842 0.00065333
382.316 0.00266667
382.975 0.00104000
384.05 0.00333333
384.332 0.00600000
384.497 0.00600000
384.785 0.00600000
384.885 0.00466667
385.33 0.00025333
385.781 0.00133333
386.45 0.00400000
386.68 0.00077333
386.876 0.00002667
386.893 0.00020000
387.295 0.00533333
387.32 0.00048000
387.472 0.00266667
387.743 0.00466667
387.918 0.00333333
388.152 0.00333333
388.27 0.00050667
388.31 0.00097333
388.42 0.00666667
388.713 0.00025333
388.943 0.00128000
389.4 0.00077333
389.685 0.00266667
389.972 0.00050667
390.385 0.00002667
390.51 0.00012800
390.74 0.00200000
390.966 0.00533333
391.23 0.00002533
391.724 0.00533333
391.726 0.00002667
392.103 0.01800000
393.03 0.00030667
393.347 0.00466667
394.226 0.00018667
394.354 0.00052000
395.66 0.00400000
395.804 0.00056000
395.991 0.00266667
396.059 0.00466667
396.201 0.00600000
396.562 0.00533333
396.612 0.00400000
396.747 0.00002667
397.14 0.00025333
397.279 0.00200000
397.346 0.00030667
397.489 0.00533333
398.17 0.00333333
398.396 0.00466667
398.407 0.00052000
398.425 0.00018667
398.572 0.00400000
399.53 0.00025333
399.572 0.00025333
399.859 0.00025333
399.926 0.00025333
399.947 0.00266667
400.19 0.00266667
401.068 0.00025333
401.375 0.00025333
401.4 0.00005200
402.002 0.00005200
402.242 0.00012933
402.404 0.00200000
403.726 0.00012933
403.762 0.00038667
403.77 0.00012933
404.233 0.00025333
404.264 0.00129333
404.566 0.00005200
405.443 0.00016000
406.297 0.00076000
406.404 0.00126667
406.483 0.00038667
406.735 0.00200000
406.884 0.00076000
406.924 0.00076000
406.939 0.00012667
407.936 0.00005067
408.015 0.00125333
408.051 0.00037333
408.442 0.00266667
408.677 0.00012400
409.28 0.00092000
409.873 0.00122667
409.886 0.00733333
410.035 0.00012267
410.191 0.00044000
411.188 0.00029333
411.21 0.00036000
411.239 0.00266667
411.269 0.00049333
411.286 0.00024000
411.413 0.00046667
411.694 0.00085333
411.82 0.00200000
412.694 0.00004800
412.807 0.00072000
413.051 0.00048000
413.106 0.00200000
413.369 0.00072000
413.387 0.00133333
413.833 0.00121333
414.288 0.00400000
414.697 0.00121333
415.019 0.00200000
415.069 0.00070667
415.228 0.00120000
416.481 0.00117333
416.609 0.00070667
417.397 0.00004667
417.437 0.00133333
417.522 0.00133333
417.549 0.00093333
418.18 0.00045333
418.665 0.00090667
419.642 0.00034667
419.81 0.00133333
419.861 0.00066667
419.959 0.00200000
420.292 0.00200000
420.327 0.00004533
420.56 0.00200000
420.65 0.00033333
420.732 0.00266667
421.707 0.00002267
421.717 0.00066667
421.937 0.00266667
421.975 0.00200000
422.089 0.00033333
422.109 0.00200000
422.18 0.00037333
422.407 0.00400000
422.447 0.00200000
422.464 0.00011200
422.606 0.00400000
422.692 0.00002267
422.935 0.00466667
423.153 0.00266667
423.164 0.00110667
423.232 0.00017333
423.385 0.00066667
423.992 0.00033333
424.01 0.00333333
424.204 0.00120000
424.221 0.00010933
424.286 0.00002133
424.295 0.00002133
424.954 0.00004400
425.065 0.00109333
425.242 0.00004400
425.278 0.00004400
425.65 0.00004400
425.718 0.00133333
425.74 0.00133333
425.78 0.00065333
425.974 0.00020000
426.198 0.00466667
426.244 0.00077333
426.248 0.00004267
426.522 0.00400000
426.729 0.00004267
426.738 0.00110667
426.772 0.00010800
426.801 0.00133333
426.805 0.00333333
426.972 0.00133333
427.023 0.00108000
427.466 0.00106667
427.517 0.00021333
427.556 0.00133333
427.885 0.00010667
427.928 0.00032000
428.044 0.00002133
428.058 0.00002133
428.324 0.00021333
428.854 0.00010667
428.98 0.00004267
429.037 0.00200000
429.06 0.00333333
429.198 0.00004267
429.427 0.00037333
429.809 0.00024000
430.325 0.00062667
430.37 0.00020000
430.396 0.00010533
430.625 0.00133333
431.013 0.00004133
431.38 0.00200000
431.411 0.00021333
431.47 0.00062667
431.601 0.00030667
431.883 0.00010400
431.951 0.00020000
432.149 0.00004133
432.237 0.00030667
432.274 0.00010400
432.462 0.00061333
432.523 0.00266667
432.727 0.00020000
433.18 0.00400000
433.413 0.00133333
433.623 0.00102667
433.772 0.00800000
433.82 0.00004133
433.95 0.00200000
433.982 0.00030667
433.999 0.00800000
434.0 0.00002000
434.002 0.00080000
434.026 0.00004133
434.042 0.00004133
434.09 0.00800000
434.1 0.00002000
434.151 0.00030667
434.22 0.00041333
434.5 0.00002000
434.548 0.00004133
434.576 0.00004133
434.604 0.00030667
434.624 0.00333333
434.914 0.00077333
435.73 0.00004000
435.792 0.00010133
435.882 0.00004000
436.269 0.00060000
436.323 0.00004000
436.352 0.00133333
436.563 0.00002000
436.571 0.00030667
436.574 0.00333333
436.986 0.00133333
437.18 0.00004000
437.216 0.00060000
437.5 0.00004000
437.654 0.00200000
437.775 0.00004000
437.798 0.00029333
437.94 0.00200000
437.955 0.00200000
438.009 0.00133333
438.122 0.00060000
438.411 0.00009867
438.422 0.00130667
438.498 0.00029333
438.506 0.00333333
438.587 0.00133333
439.199 0.00266667
439.199 0.00002000
439.437 0.00029333
439.477 0.00029333
439.501 0.00016000
439.531 0.00016000
439.556 0.00098667
439.597 0.00014667
439.631 0.00200000
439.718 0.00014667
439.799 0.00200000
439.814 0.00009867
440.237 0.00003867
440.258 0.00017333
440.298 0.00017333
440.558 0.00033333
440.93 0.00266667
440.962 0.00038667
440.978 0.00065333
441.22 0.00132000
441.228 0.00038667
441.259 0.00029333
441.311 0.00266667
441.322 0.00097333
441.356 0.00029333
441.514 0.00009733
441.676 0.00266667
441.682 0.00097333
442.056 0.00018667
442.139 0.00058667
442.156 0.00097333
442.252 0.00600000
442.28 0.00037333
442.481 0.00600000
442.54 0.00266667
442.68 0.00036000
442.711 0.00104000
442.776 0.00057333
442.798 0.00029333
442.841 0.00266667
442.852 0.00200000
442.864 0.00333333
442.941 0.00018667
442.964 0.00029333
443.0 0.00001867
443.09 0.00096000
443.094 0.00600000
443.11 0.00022667
443.181 0.00009600
443.23 0.00009600
443.252 0.00038667
443.34 0.00018667
443.372 0.00133333
443.509 0.00009600
443.698 0.00200000
443.925 0.00057333
443.946 0.00333333
443.999 0.00029333
444.036 0.00029333
444.08 0.00133333
444.081 0.00003867
444.089 0.00018667
444.109 0.00001867
444.269 0.00057333
444.498 0.00057333
444.567 0.00018667
444.58 0.00037333
444.644 0.00057333
444.654 0.00018667
444.665 0.00001867
445.261 0.00003867
445.279 0.03800000
445.298 0.00028000
445.325 0.00009467
445.332 0.00003867
445.353 0.00018667
445.428 0.00009467
445.556 0.00028000
445.638 0.00014667
445.644 0.00118667
445.705 0.00132000
445.724 0.00133333
445.735 0.00200000
445.876 0.00800000
445.886 0.00600000
445.894 0.00466667
446.018 0.00200000
446.054 0.01600000
446.286 0.00003733
446.565 0.00093333
446.604 0.00065333
446.605 0.00009200
446.65 0.00003733
446.681 0.00129333
446.749 0.00014667
446.774 0.00058667
446.891 0.00129333
447.097 0.00009200
447.104 0.00122667
447.159 0.00054667
447.225 0.00017333
447.513 0.00009067
447.539 0.00106667
447.566 0.00200000
447.74 0.00001867
447.793 0.00038667
448.082 0.00026667
448.3 0.00001733
448.319 0.00266667
448.809 0.00533333
449.0 0.00001733
449.177 0.00133333
449.184 0.00088000
449.213 0.00008800
449.241 0.00052000
449.269 0.00026667
449.311 0.00008800
449.37 0.00086667
449.57 0.00200000
449.624 0.00104000
449.892 0.00333333
449.9 0.00034667
449.912 0.00333333
449.984 0.00008667
450.018 0.00086667
450.07 0.00033333
450.6 0.00001733
450.813 0.00050667
451.017 0.00025333
451.142 0.00084000
451.148 0.00200000
451.151 0.00033333
451.488 0.00200000
451.489 0.00117333
451.502 0.00003333
451.541 0.00050667
451.666 0.00088000
451.694 0.00082667
451.733 0.00025333
451.74 0.00001600
451.74 0.00200000
451.774 0.00133333
451.783 0.00200000
452.231 0.00073333
452.24 0.00001600
452.252 0.00014667
452.272 0.00082667
452.576 0.00114667
452.618 0.00081333
452.646 0.00122667
452.669 0.00024000
452.773 0.00024000
452.797 0.00014667
452.848 0.00266667
452.948 0.00049333
453.24 0.00014667
453.452 0.00028000
453.464 0.00024000
453.537 0.00048000
453.557 0.00050667
453.63 0.00266667
453.72 0.00033333
453.755 0.00030667
453.768 0.00466667
453.775 0.01600000
453.83 0.00466667
453.917 0.00080000
454.0 0.00001600
454.038 0.00080000
454.239 0.00016000
454.248 0.00016000
454.291 0.00028000
454.412 0.00007867
454.432 0.00016000
454.45 0.00078667
454.573 0.00013333
454.722 0.00016000
454.773 0.00024000
455.0 0.00001600
455.064 0.00013333
455.167 0.00016000
455.2 0.00001600
455.25 0.00025333
455.26 0.00046667
455.317 0.00078667
455.34 0.00122667
455.442 0.00016000
455.456 0.00007867
455.482 0.00062667
455.539 0.00046667
455.54 0.00040000
455.67 0.00003067
456.199 0.00007733
456.22 0.00042667
456.245 0.00010800
456.51 0.00001600
456.554 0.00007733
456.589 0.00092000
456.683 0.00061333
456.714 0.00022667
456.785 0.00014667
456.906 0.00106667
456.96 0.00025333
457.306 0.00007600
457.356 0.00076000
457.39 0.00045333
457.442 0.00007600
457.506 0.00466667
457.531 0.00058667
457.586 0.00030667
458.042 0.00045333
458.2 0.00060000
458.204 0.00200000
458.204 0.00089333
458.21 0.00022667
458.245 0.00200000
458.256 0.00022667
458.298 0.00007600
458.588 0.00014667
458.615 0.00029333
458.813 0.00045333
458.836 0.00032000
459.324 0.00074667
459.525 0.00074667
460.0 0.00001467
460.015 0.00007467
460.41 0.00022667
460.447 0.00054667
460.468 0.00013333
460.494 0.00007467
460.67 0.00132000
460.936 0.00044000
460.98 0.00006000
460.991 0.00200000
461.015 0.00094667
461.28 0.00013200
461.293 0.00007333
461.439 0.00133333
461.556 0.00025333
461.609 0.00073333
461.63 0.00014667
461.691 0.00007333
461.784 0.00102667
462.425 0.00133333
462.78 0.00029333
462.798 0.00200000
462.8 0.00001467
462.831 0.00200000
462.846 0.00044000
462.887 0.00029333
462.96 0.00001467
463.44 0.00001467
463.476 0.00022667
463.538 0.00133333
463.612 0.00102667
463.664 0.00102667
463.697 0.00073333
463.77 0.00001467
463.959 0.00044000
464.044 0.00102667
464.318 0.00007333
464.393 0.00029333
464.483 0.00058667
464.542 0.00466667
464.589 0.00014667
464.68 0.00002933
464.681 0.00133333
464.743 0.00058667
464.894 0.00032000
464.99 0.00104000
465.0 0.00058667
465.16 0.00002933
465.21 0.00044000
465.37 0.00074667
465.639 0.00466667
465.7 0.00001467
465.97 0.00133333
466.084 0.00089333
466.111 0.00200000
466.25 0.00001467
466.309 0.00060000
466.352 0.00029333
466.665 0.00074667
466.736 0.00133333
466.937 0.00089333
467.088 0.00105333
467.2 0.00001467
467.822 0.00466667
467.831 0.00090667
467.861 0.00076000
467.914 0.00200000
468.037 0.00133333
468.12 0.00076000
468.193 0.00030667
468.215 0.00030667
468.291 0.00014667
468.324 0.00007600
468.376 0.00045333
468.636 0.00092000
468.767 0.00133333
468.819 0.00003067
468.867 0.00061333
469.158 0.00022667
469.536 0.00030667
469.694 0.00007733
469.787 0.00034667
469.843 0.00094667
470.024 0.00018667
470.047 0.00007733
470.048 0.00018667
470.253 0.00200000
470.439 0.02400000
470.886 0.00333333
471.006 0.00266667
471.006 0.03800000
471.049 0.00022667
471.206 0.01600000
471.214 0.00024000
471.28 0.00016000
471.297 0.00133333
471.346 0.00045333
471.425 0.00001600
471.434 0.00110667
471.441 0.00200000
471.494 0.00068000
471.512 0.00048000
471.526 0.00048000
471.534 0.02400000
471.561 0.00001600
471.761 0.00110667
471.936 0.00016000
471.961 0.00016000
472.153 0.00112000
472.215 0.00008000
472.271 0.00024000
472.381 0.00032000
472.415 0.00001600
472.416 0.00008000
472.515 0.00112000
472.562 0.00001600
473.034 0.00034667
473.058 0.00034667
473.267 0.00008000
473.678 0.00034667
474.958 0.00466667
475.068 0.00048000
475.18 0.00048000
475.273 0.01600000
475.312 0.00012800
475.444 0.00133333
475.873 0.00266667
476.938 0.00133333
477.293 0.00200000
478.034 0.00080000
478.088 0.00048000
478.124 0.00003200
478.212 0.00008000
478.402 0.00032000
478.893 0.00466667
478.96 0.00133333
479.022 0.00081333
479.073 0.00048000
479.378 0.00200000
479.592 0.00097333
480.011 0.00024000
480.108 0.00032000
480.236 0.00016000
480.323 0.00016000
480.95 0.00016000
481.006 0.00266667
481.064 0.00133333
481.434 0.00078667
481.593 0.00133333
481.69 0.00016000
481.764 0.00466667
481.878 0.00266667
481.994 0.00109333
482.192 0.00466667
482.317 0.00133333
482.337 0.00078667
482.553 0.00077333
482.734 0.01600000
482.759 0.00466667
482.929 0.00007733
483.731 0.00800000
484.25 0.00200000
484.257 0.00014667
484.294 0.00076000
484.515 0.00022667
484.577 0.00007600
484.953 0.00045333
485.15 0.00090667
485.266 0.00133333
485.96 0.00022667
486.308 0.00133333
486.437 0.00045333
486.551 0.00133333
486.648 0.00118667
486.702 0.00104000
486.828 0.00104000
488.34 0.00022667
488.492 0.01400000
488.51 0.00133333
488.836 0.00007333
489.209 0.00733333
489.223 0.00014667
489.792 0.00101333
489.878 0.00032000
489.901 0.00073333
492.823 0.00100000
493.094 0.00072000
493.637 0.00057333
493.904 0.00133333
494.499 0.00133333
495.539 0.00200000
495.703 0.01400000
495.712 0.00200000
497.356 0.00133333
497.476 0.00072000
497.596 0.00014667
497.963 0.00007200
499.493 0.00200000
499.621 0.00029333
499.748 0.00021333
499.85 0.00014667
500.04 0.00004400
500.356 0.00028000
500.516 0.00733333
500.535 0.00073333
501.1 0.00036000
501.519 0.00007333
502.287 0.00200000
503.135 0.00400000
503.151 0.00028000
503.6 0.00052000
503.759 0.00004533
503.775 0.00733333
504.16 0.00014667
504.285 0.00022667
504.582 0.00022667
504.661 0.00004533
505.294 0.00038667
505.915 0.00030667
507.405 0.00004667
507.42 0.00054667
507.66 0.00056000
507.841 0.00034667
507.877 0.00024000
508.038 0.00266667
508.136 0.00024000
508.398 0.00040000
509.032 0.00012933
509.905 0.00041333
509.955 0.00133333
510.47 0.00058667
511.36 0.00001733
511.367 0.00126667
511.65 0.00266667
511.702 0.00060000
512.051 0.00042667
512.187 0.00034667
512.226 0.00266667
512.236 0.00266667
512.828 0.00034667
513.715 0.00070667
514.28 0.00266667
514.326 0.00008933
514.494 0.00933333
514.501 0.00933333
514.514 0.00062667
515.008 0.00064000
515.196 0.00133333
515.443 0.00092000
515.667 0.00093333
515.89 0.00093333
516.348 0.00018667
517.851 0.00266667
518.232 0.00040000
518.861 0.00333333
518.916 0.00266667
519.132 0.00070667
519.313 0.00333333
519.322 0.00333333
519.756 0.00133333
519.848 0.00333333
520.224 0.00266667
520.358 0.00045333
520.39 0.00333333
520.656 0.00006267
520.886 0.00133333
521.057 0.00105333
521.236 0.00200000
521.334 0.00266667
521.434 0.00074667
521.827 0.00048000
522.235 0.00109333
523.152 0.00200000
523.395 0.00002267
523.403 0.00112000
523.464 0.00133333
523.587 0.00200000
524.583 0.00092000
526.312 0.00200000
527.404 0.00098667
528.009 0.00125333
528.03 0.00017333
528.29 0.00037333
528.72 0.00045333
528.99 0.00069333
529.819 0.00400000
530.476 0.00200000
531.479 0.00070667
531.68 0.00057333
532.055 0.00045333
532.64 0.00133333
533.067 0.00010533
533.078 0.01266667
533.331 0.00104000
533.571 0.00021333
534.109 0.02000000
534.27 0.00020000
534.3 0.00200000
534.328 0.01200000
534.92 0.00333333
535.351 0.00010400
535.516 0.00333333
535.534 0.00105333
535.542 0.00333333
535.802 0.00021333
536.001 0.00333333
536.043 0.00076000
536.223 0.00054667
536.622 0.00056000
537.231 0.00200000
537.498 0.00121333
537.664 0.00200000
537.726 0.00200000
538.072 0.00200000
538.089 0.00133333
538.325 0.00064000
538.69 0.00133333
538.721 0.00200000
539.2 0.00266667
539.225 0.00266667
539.647 0.00069333
539.678 0.00200000
539.696 0.00400000
539.71 0.00333333
540.056 0.07600000
540.515 0.00533333
541.012 0.00017333
541.108 0.00200000
541.126 0.00333333
541.265 0.00733333
541.856 0.00400000
542.009 0.00030667
542.016 0.00130667
543.365 0.00666667
544.712 0.00200000
544.851 0.00400000
549.442 0.00130667
550.734 0.00065333
551.118 0.00007867
551.148 0.00038667
552.063 0.00007867
553.368 0.00200000
553.865 0.00130667
555.91 0.00090667
556.244 0.00400000
556.277 0.01333333
556.305 0.00200000
557.604 0.00090667
558.59 0.00013067
558.935 0.00130667
559.115 0.00021333
560.9 0.00002667
565.257 0.00200000
565.603 0.00200000
565.666 0.01333333
566.22 0.00104000
566.255 0.00200000
568.465 0.00065333
568.982 0.00400000
571.534 0.00090667
571.888 0.00400000
571.922 0.01333333
571.953 0.00200000
574.244 0.00200000
574.83 0.01333333
574.864 0.00200000
576.059 0.00200000
576.405 0.00007867
576.442 0.01800000
577.031 0.00130667
580.409 0.00266667
580.445 0.01600000
581.141 0.02200000
581.662 0.00266667
582.016 0.02400000
582.891 0.00866667
585.249 0.53333333
586.842 0.02000000
587.214 0.02000000
587.283 0.00933333
588.19 0.20000000
589.833 0.00466667
590.209 0.00060000
590.246 0.01000000
590.278 0.00097333
590.643 0.00800000
590.8 0.00016000
591.363 0.03200000
591.891 0.03000000
591.903 0.00097333
593.445 0.01133333
593.932 0.00800000
594.483 0.13333333
596.162 0.01200000
596.547 0.07400000
596.618 0.00466667
597.463 0.03600000
597.553 0.04200000
598.238 0.00133333
598.791 0.02800000
599.165 0.01600000
600.093 0.02400000
603.0 0.13000000
604.201 0.00333333
604.613 0.01133333
605.6 0.00020000
606.454 0.00866667
606.7 0.00016000
606.8 0.00018667
606.9 0.00020000
607.434 0.26666667
607.6 0.00026667
609.616 0.40000000
611.088 0.01600000
611.272 0.02400000
611.802 0.00266667
612.845 0.01800000
613.277 0.02000000
614.251 0.04400000
614.306 0.46666667
615.03 0.02800000
615.614 0.01400000
616.359 0.33333333
616.609 0.02000000
617.282 0.00333333
617.488 0.01600000
617.528 0.01133333
618.215 0.10800000
618.316 0.00333333
618.4 0.00053333
618.906 0.01600000
619.307 0.01133333
620.297 0.00333333
620.578 0.02400000
620.649 0.00022667
620.908 0.01600000
621.018 0.01600000
621.388 0.03600000
621.728 0.12000000
622.448 0.04000000
622.574 0.01266667
623.903 0.03000000
624.673 0.02600000
624.959 0.00130667
625.093 0.03200000
625.273 0.00533333
625.291 0.02000000
625.869 0.04600000
625.879 0.02600000
626.65 0.33333333
627.013 0.02000000
627.242 0.03600000
627.301 0.01800000
627.603 0.01333333
627.75 0.00800000
628.358 0.00800000
628.959 0.00733333
629.374 0.03000000
629.784 0.03200000
630.426 0.00048000
630.479 0.05000000
630.611 0.05000000
630.766 0.09200000
631.369 0.11000000
632.112 0.04600000
632.816 0.09800000
633.089 0.03800000
633.443 0.13333333
634.565 0.01400000
635.185 0.02600000
636.0 0.00026667
636.5 0.02600000
638.299 0.26666667
638.8 0.00029333
640.108 0.04800000
640.225 1.00000000
640.658 0.04600000
640.975 0.07200000
642.17 0.02600000
644.0 0.00026667
644.471 0.04000000
650.653 0.26666667
651.088 0.01600000
651.179 0.03600000
651.679 0.04200000
651.704 0.03400000
652.558 0.01000000
652.603 0.05400000
653.288 0.06200000
653.868 0.04600000
653.914 0.06800000
653.949 0.07800000
653.969 0.03200000
655.065 0.03600000
655.902 0.02600000
655.928 0.02600000
657.0 0.00026667
657.13 0.00600000
657.17 0.01600000
659.895 0.13333333
660.29 0.02800000
664.001 0.00466667
664.08 0.00266667
665.209 0.20000000
666.689 0.04200000
667.828 0.20000000
667.833 0.00038667
671.0 0.00026667
671.704 0.01800000
672.113 0.00533333
673.803 0.01800000
675.958 0.00400000
688.694 0.01600000
689.4 0.00021333
689.541 0.02200000
691.0 0.00022667
692.947 0.26666667
699.3 0.00018667