382.204 0.00076000
383.169 0.19800000
383.287 0.01600000
385.83 0.39000000
385.89 0.00048000
388.39 0.00034400
388.57 0.00033600
388.587 0.00033600
388.967 0.01000000
389.98 0.00027600
392.172 0.00020800
392.671 0.00019600
394.619 0.00013200
394.85 0.00012400
395.719 0.00010800
397.217 0.01000000
397.356 0.08400000
398.759 0.00012400
399.025 0.00012800
399.306 0.00013200
401.001 0.00048000
402.529 0.00036400
402.766 0.00018800
403.304 0.00020000
403.595 0.00020800
405.35 0.00026800
407.179 0.00044000
408.396 0.00064000
408.458 0.00068000
409.362 0.00096000
411.72 0.00296000
414.284 0.00600000
414.311 0.00600000
414.724 0.00600000
416.047 0.00600000
417.899 0.00340000
420.045 0.12000000
420.117 0.00292000
423.09 0.02600000
423.12 0.00180000
423.468 0.00172000
423.6 0.00168000
424.88 0.00136000
425.387 0.00124000
428.531 0.00172000
429.409 0.00172000
429.588 0.16800000
431.034 0.00116000
431.481 0.00096000
432.616 0.00076000
432.624 0.00076000
433.164 0.15000000
436.349 0.00100000
438.287 0.00104000
440.155 0.60000000
441.052 0.02200000
442.18 0.00100000
443.103 0.00100000
443.757 0.01000000
444.519 0.00100000
445.009 0.00240000
445.127 0.00128000
445.904 0.60000000
446.146 0.00176000
446.246 0.26400000
446.625 0.00600000
447.048 0.03200000
448.521 0.00316000
451.299 0.00600000
451.998 0.05400000
452.314 0.00188000
453.793 0.00124000
455.122 0.00600000
455.317 0.01600000
456.544 0.00104000
456.741 0.00104000
457.336 0.00108000
459.253 0.27600000
459.684 0.00136000
460.037 0.28800000
460.5 0.40000000
460.623 0.15600000
462.696 0.00100000
462.805 0.00100000
463.303 0.00100000
464.866 0.39600000
466.699 0.04000000
467.559 0.00400000
468.622 0.17400000
469.839 0.03000000
470.135 0.09600000
470.153 0.13800000
471.066 0.00072000
471.442 0.60000000
471.578 0.10200000
472.928 0.00800000
473.18 0.08400000
473.246 0.08400000
474.016 0.01400000
474.4 0.00096000
475.242 0.13200000
475.428 0.00084000
475.652 0.20400000
475.842 0.00084000
476.263 0.12600000
476.395 0.13200000
477.248 0.00092000
477.341 0.01400000
478.628 0.02200000
478.654 0.27600000
479.097 0.00100000
479.343 0.00104000
479.733 0.00108000
480.7 0.19200000
480.887 0.03200000
481.198 0.01200000
481.325 0.00120000
481.46 0.00600000
481.593 0.00108000
481.782 0.01600000
482.112 0.02600000
482.903 0.28200000
483.118 0.18000000
483.864 0.14400000
484.316 0.02000000
484.351 0.00096000
484.517 0.00092000
485.255 0.12600000
485.541 0.35400000
486.627 0.30600000
487.344 0.22200000
490.097 0.00124000
490.1 0.00124000
490.441 0.40000000
491.202 0.11400000
491.397 0.22200000
491.836 0.21600000
492.556 0.10200000
493.583 0.11400000
493.735 0.29400000
494.544 0.09600000
494.603 0.00600000
494.674 0.00112000
495.321 0.16800000
496.752 0.00092000
497.614 0.00600000
497.633 0.02200000
497.67 0.00056000
498.016 0.23400000
498.37 0.00052000
498.413 0.25800000
499.202 1.00000000
499.565 0.00088000
499.684 0.06600000
499.822 0.13800000
500.034 0.18600000
500.374 0.02800000
501.094 0.09000000
501.246 0.12600000
501.759 0.21000000
502.732 0.00204000
503.273 0.01200000
503.537 0.60000000
503.936 0.03400000
504.156 0.00168000
504.219 0.13800000
504.885 0.13800000
505.201 0.00176000
505.986 0.00180000
506.422 0.00184000
507.996 0.04800000
508.052 0.33600000
508.111 0.25200000
508.234 0.16800000
508.408 0.40000000
508.548 0.01600000
508.896 0.03200000
509.441 0.04200000
509.932 0.17400000
509.995 0.33000000
510.297 0.09600000
511.54 0.30600000
511.58 0.00384000
512.938 0.25200000
513.262 0.00264000
513.708 0.31800000
514.277 0.19800000
514.648 0.29400000
515.513 0.10200000
515.576 0.16200000
515.798 0.01800000
516.866 0.17400000
517.656 0.18600000
517.912 0.01000000
518.782 0.00244000
519.716 0.02200000
522.029 0.03200000
526.283 0.00400000
526.571 0.02200000
526.914 0.00400000
527.411 0.00400000
527.582 0.00400000
528.127 0.00340000
528.811 0.00252000
532.16 0.00148000
534.771 0.00168000
534.828 0.00172000
535.339 0.07200000
536.334 0.00192000
537.133 0.06000000
538.834 0.00400000
539.233 0.00600000
542.464 0.02800000
543.119 0.00096000
543.587 0.04800000
545.286 0.00108000
545.323 0.00328000
546.249 0.02400000
546.81 0.00260000
547.543 0.00148000
547.691 0.60000000
549.488 0.00600000
549.941 0.00120000
550.409 0.00228000
551.0 0.02200000
551.479 0.00112000
551.766 0.00112000
553.711 0.00108000
555.369 0.00800000
557.873 0.05400000
558.786 0.05400000
558.936 0.02000000
559.228 0.15600000
559.374 0.04200000
561.479 0.10200000
562.533 0.07800000
563.712 0.04000000
563.875 0.00260000
564.188 0.06000000
564.26 0.00400000
564.308 0.01200000
564.97 0.03400000
566.402 0.03800000
568.22 0.09600000
569.5 0.06600000
570.358 0.00132000
570.956 0.11400000
571.141 0.00108000
571.19 0.05400000
571.509 0.05400000
574.835 0.03000000
574.93 0.00068000
575.468 0.08400000
576.085 0.02600000
580.522 0.04800000
580.91 0.00100000
582.01 0.00100000
584.699 0.00800000
585.776 0.10800000
589.288 0.07800000
590.54 0.03200000
591.0 0.03400000
596.42 0.05400000
599.673 0.02400000
600.02 0.00220000
600.706 0.00184000
600.731 0.03600000
602.575 0.00340000
603.93 0.00108000
605.368 0.00600000
608.628 0.06600000
610.576 0.00044000
610.812 0.08400000
611.107 0.01000000
611.79 0.00032000
611.93 0.00031200
611.976 0.00060000
612.41 0.00027600
612.897 0.00248000
613.014 0.00364000
613.3 0.00022800
613.396 0.00022800
617.537 0.07800000
617.681 0.10200000
617.724 0.00128000
617.84 0.00026000
618.671 0.00800000
619.118 0.14400000
619.863 0.00029200
620.46 0.00292000
621.87 0.00024800
622.398 0.00600000
623.009 0.00092000
625.636 0.07200000
627.177 0.00016000
627.263 0.00016400
629.0 0.00023200
631.466 0.06600000
631.657 0.00022800
632.217 0.00076000
632.76 0.00800000
634.35 0.00048000
634.92 0.00052000
636.457 0.00076000
636.51 0.00076000
636.8 0.00084000
637.035 0.00280000
637.522 0.00108000
637.825 0.02200000
638.466 0.00600000
640.15 0.00160000
640.444 0.00168000
641.459 0.01000000
642.151 0.00600000
643.77 0.00208000
644.129 0.00212000
645.09 0.00212000
646.729 0.00192000
648.28 0.06000000
648.958 0.00176000
653.287 0.00600000
653.38 0.00184000
658.631 0.02600000
659.86 0.00260000
660.429 0.00048000
662.91 0.00030000
663.512 0.00136000
664.364 0.07200000
666.132 0.00040000
666.68 0.00020400
668.22 0.00019200
670.024 0.00018800
670.17 0.00018800
673.025 0.00016800
676.777 0.04800000
677.232 0.03400000
678.698 0.00018400
679.148 0.00018800
679.42 0.00018800
679.71 0.00019200
681.357 0.00600000
681.95 0.00022400
684.204 0.01600000
684.842 0.00028800
685.039 0.00060000
691.079 0.00037600
691.456 0.11400000
694.164 0.00039200
694.64 0.00039600
695.582 0.00040000
697.351 0.00084000