504.466 0.10000000
538.098 0.66666667
560.17 0.10000000
565.275 0.10000000
578.439 0.10000000
587.804 0.33333333
601.122 0.10000000
605.609 0.10000000
607.39 0.10000000
608.005 0.10000000
612.049 0.10000000
618.859 0.10000000
620.0 0.10000000
621.59 0.10000000
631.784 0.10000000
634.138 0.10000000
656.611 0.10000000
672.068 0.10000000
675.132 0.10000000
679.521 0.10000000
680.262 0.10000000
680.581 0.10000000
681.644 0.10000000
686.545 0.10000000
690.713 0.10000000
691.291 0.10000000
693.031 0.33333333
696.363 0.10000000
697.209 1.00000000