380.299 0.01666667
381.371 0.00000000
382.154 0.00833333
382.341 0.10000000
383.029 0.01500000
383.307 0.00833333
383.586 0.00000000
384.282 0.00833333
384.359 0.00833333
384.789 0.00833333
385.08 0.00333333
385.103 0.00833333
385.147 0.00160000
385.238 0.00000000
385.613 0.01500000
385.717 0.00833333
386.35 0.00333333
386.412 0.00000000
386.443 0.01500000
386.467 0.00333333
387.244 0.00000000
387.409 0.00333333
387.58 0.01000000
388.219 0.02833333
388.245 0.00833333
388.313 0.00500000
389.352 0.00333333
389.63 0.00000000
390.746 0.01333333
391.196 0.11500000
391.211 0.00333333
391.754 0.00000000
391.928 0.02500000
392.658 0.00000000
394.504 0.01333333
394.729 0.19500000
394.748 0.03333333
394.759 0.01166667
395.436 0.06500000
395.461 0.02500000
396.159 0.00012667
397.206 0.00000000
397.326 0.07500000
397.482 0.00000000
398.271 0.01166667
398.542 0.00000000
399.276 0.00000000
400.746 0.00000000
402.386 0.00000000
402.631 0.00000000
403.225 0.00000000
403.248 0.00000000
403.316 0.00000000
403.507 0.00000000
403.546 0.00000000
404.129 0.00000000
404.195 0.00000000
404.494 0.00000000
404.611 0.00000000
404.78 0.00000000
404.821 0.00280000
405.408 0.00000000
405.453 0.00000000
406.06 0.00833333
406.103 0.00333333
406.294 0.00833333
406.504 0.00000000
406.962 0.01500000
406.989 0.03166667
407.123 0.00130000
407.216 0.08000000
407.586 0.21000000
407.772 0.00000000
407.884 0.02000000
408.39 0.01166667
408.465 0.00833333
408.511 0.02166667
408.715 0.01166667
408.827 0.00000000
408.929 0.02000000
409.293 0.02666667
409.414 0.00000000
409.564 0.00333333
409.619 0.00000000
409.652 0.01166667
409.693 0.00000000
409.726 0.02833333
409.824 0.00206667
410.3 0.02500000
410.472 0.02666667
410.499 0.06500000
410.602 0.00000000
410.709 0.00000000
410.733 0.00000000
410.875 0.00000000
410.929 0.00000000
410.984 0.00000000
411.02 0.00000000
411.079 0.02500000
411.202 0.03166667
411.384 0.01000000
411.45 0.00000000
411.922 0.23000000
412.028 0.04000000
412.054 0.01500000
412.146 0.04000000
412.399 0.00008333
412.932 0.01333333
413.28 0.09500000
414.07 0.00000000
414.193 0.00001267
414.206 0.00001267
414.227 0.00001033
414.332 0.00000000
414.352 0.00001267
414.374 0.01666667
414.57 0.00000000
414.591 0.00001067
414.608 0.04500000
415.33 0.21000000
415.653 0.03166667
416.923 0.04500000
418.545 0.11500000
418.979 0.32500000
419.252 0.00833333
419.626 0.00000000
419.67 0.00000000
422.17 0.00000000
422.48 0.00000000
423.327 0.10500000
423.793 0.00000000
424.552 0.00000000
425.39 0.10500000
425.412 0.00001567
425.755 0.00000000
427.31 0.00001100
427.424 0.00000000
427.555 0.05000000
427.599 0.00001100
427.628 0.00001100
427.675 0.01500000
427.743 0.00001400
427.771 0.00000000
427.789 0.00001200
427.916 0.00000000
428.132 0.00001067
428.296 0.01000000
428.325 0.00000000
428.373 0.00001167
428.4 0.00000000
428.439 0.00000000
428.569 0.02000000
428.773 0.00000000
428.882 0.00001267
429.125 0.01500000
429.186 0.00000000
429.221 0.00001300
429.295 0.00000000
429.478 0.03000000
430.286 0.00000000
430.307 0.00000000
430.361 0.00001133
430.382 0.06000000
430.539 0.00001033
430.597 0.00000000
430.635 0.00000000
430.723 0.00001233
430.9 0.00001133
431.211 0.00001133
431.344 0.00001233
431.539 0.00000000
431.583 0.00000000
431.714 0.15500000
431.77 0.00001133
431.963 0.15500000
432.244 0.00000000
432.479 0.00000000
432.576 0.02000000
432.746 0.02000000
432.785 0.00000000
432.859 0.01500000
433.118 0.00001233
433.147 0.00000000
433.186 0.01500000
433.271 0.00001133
433.403 0.00000000
433.419 0.00000000
433.536 0.00000000
433.686 0.07000000
434.033 0.01000000
434.2 0.03000000
434.281 0.00000000
434.32 0.00000000
434.438 0.00001200
434.496 0.00000000
434.556 0.12500000
434.616 0.00000000
434.722 0.00000000
434.742 0.07000000
434.943 0.29500000
435.126 0.12500000
435.359 0.00001167
435.418 0.00000000
435.725 0.00000000
435.845 0.00000000
435.939 0.00000000
436.653 0.00000000
436.689 0.09500000
436.825 1.00000000
436.928 0.05000000
437.162 0.01000000
437.43 0.00000000
437.803 0.00000000
437.843 0.01000000
439.594 0.07500000
439.785 0.00000000
440.495 0.00000000
440.599 0.00000000
441.49 0.29500000
441.697 0.14500000
443.551 0.00000000
444.301 0.05000000
444.352 0.00000000
444.681 0.00000000
444.767 0.00000000
444.819 0.07500000
445.238 0.07500000
446.542 0.05500000
446.624 0.03166667
446.642 0.00000000
446.748 0.00001400
446.792 0.05500000
446.937 0.04500000
447.79 0.01000000
448.772 0.00000000
448.82 0.01666667
448.946 0.01000000
449.123 0.03166667
456.318 0.00000000
459.097 0.50000000
459.596 0.00000000
459.618 0.20000000
460.213 0.01333333
460.323 0.00000000
460.944 0.07500000
461.02 0.01833333
461.107 0.00000000
461.314 0.00000000
461.368 0.00000000
462.127 0.00000000
463.886 0.08000000
464.181 0.17500000
464.339 0.00000000
464.78 0.00000000
464.913 0.33333333
465.084 0.08500000
466.163 0.16500000
466.927 0.00000000
466.943 0.00000000
467.373 0.04000000
467.624 0.17000000
467.707 0.00001100
468.058 0.00000000
469.09 0.00000000
469.142 0.01500000
469.32 0.00000000
469.635 0.02666667
469.845 0.00000000
469.9 0.02500000
469.922 0.08500000
470.118 0.01666667
470.171 0.00000000
470.316 0.02333333
470.535 0.23500000
470.748 0.00000000
470.781 0.00000000
471.001 0.05000000
474.171 0.01833333
475.127 0.08500000
475.268 0.02666667
477.378 0.17500000
477.406 0.00000000
484.337 0.00001867
484.491 0.00002033
485.64 0.00004333
485.676 0.08000000
486.097 0.09000000
486.488 0.14000000
487.152 0.17500000
487.201 0.00002600
489.086 0.05000000
490.683 0.08500000
492.453 0.12000000
493.027 0.00050000
494.107 0.11500000
494.3 0.22000000
495.571 0.04500000
504.198 0.00000000
507.08 0.00000000
509.092 0.00000000
511.03 0.00002200
515.994 0.26000000
517.59 0.07000000
519.05 0.09500000
520.665 0.08000000
532.252 0.00000000
532.91 0.06500000
532.968 0.09500000
533.074 0.29000000
534.41 0.00000000
537.435 0.00296667
537.757 0.00203333
537.935 0.00240000
538.177 0.00025333
539.261 0.00023667
540.92 0.00000000
541.577 0.00000000
542.364 0.00000000
543.518 0.03500000
543.578 0.05000000
543.686 0.10000000
546.104 0.00000000
557.734 0.03000000
558.323 0.07500000
559.237 0.14000000
559.791 0.32500000
561.106 0.08500000
561.347 0.15500000
575.392 0.00000000
576.101 0.00000000
578.379 0.00000000
581.024 0.00000000
584.623 0.00000000
590.308 0.00000000
595.839 0.00040000
595.858 0.25000000
599.528 0.13500000
604.623 0.00043333
604.644 0.33333333
604.649 0.00029333
608.122 0.00001033
610.339 0.00009667
610.627 0.50000000
611.299 0.00012333
615.257 0.00000000
615.598 0.14500000
615.677 0.28000000
615.818 0.83333333
619.792 0.00000000
621.425 0.00000000
625.683 0.00019333
626.155 0.00025000
635.796 0.00000000
636.634 0.08000000
637.432 0.11000000
645.36 0.08000000
645.444 0.12000000
645.598 0.33333333
645.705 0.00000000
645.781 0.00000000
647.142 0.00002933
647.389 0.00000000
647.527 0.00007000
647.791 0.00020333
648.398 0.00103333
648.509 0.00080000
648.646 0.00106667
649.192 0.00500000
649.58 0.01000000
649.842 0.00833333
650.024 0.20000000
650.083 0.00666667
650.141 0.01166667
650.219 0.00833333
650.245 0.01000000
650.603 0.02000000
650.971 0.03166667
651.062 0.03333333
651.075 0.05500000
653.583 0.02000000
653.756 0.02000000
653.937 0.02500000
655.014 0.08500000
655.06 0.02166667
655.176 0.02000000
655.462 0.01333333
655.584 0.03000000
655.607 0.01666667
655.906 0.02500000
656.037 0.02166667
656.528 0.04000000
657.11 0.04000000
658.901 0.01166667
660.491 0.02833333
662.738 0.00004333
664.105 0.07500000
664.635 0.00000000
665.256 0.00000000
665.383 0.00008000
666.667 0.00001033
667.786 0.00000000
671.775 0.00000000
672.14 0.03166667
677.497 0.00000000
684.681 0.00000000
686.948 0.00000000
688.491 0.00000000
689.511 0.05500000
690.644 0.04000000
690.787 0.00001200
691.056 0.02333333
692.236 0.00000000
693.602 0.00000000