384.03 0.10000000
384.129 0.02000000
384.994 0.08000000
385.709 0.10000000
386.547 0.14000000
387.677 0.26000000
388.186 0.13000000
390.039 0.06333333
390.171 0.19000000
393.0 0.04333333
393.859 0.04666667
394.978 0.01000000
396.102 0.03333333
396.363 0.21000000
396.496 0.02666667
396.967 0.02333333
397.544 0.02333333
397.723 0.24000000
398.818 0.05333333
400.348 0.05666667
400.402 0.05666667
400.516 0.04000000
401.826 0.27000000
403.784 0.10000000
404.192 0.11000000
404.805 0.02333333
406.669 0.18000000
407.086 0.02666667
407.156 0.04000000
407.468 0.09000000
409.182 0.12000000
410.03 0.09000000
411.202 0.24000000
412.46 0.03000000
412.896 0.05333333
413.578 0.22000000
413.784 0.11000000
417.257 0.14000000
417.323 0.23000000
417.563 0.23000000
418.413 0.05000000
418.991 0.11000000
420.145 0.06333333
420.206 0.22000000
421.186 0.47000000
421.386 0.10000000
421.516 0.02666667
423.346 0.02000000
426.085 0.66666667
426.475 0.08000000
426.961 0.12000000
428.59 0.22000000
429.395 0.31000000
431.14 0.24000000
432.625 0.16000000
432.868 0.33000000
433.875 0.05000000
435.153 0.03000000
436.567 0.16000000
437.066 0.13000000
439.486 0.54000000
439.726 0.06333333
440.274 0.18000000
442.047 1.00000000
443.241 0.05333333
443.632 0.13000000
443.964 0.04666667
444.735 0.30000000
448.476 0.24000000
454.866 0.20000000
455.041 0.31000000
455.13 0.32000000
461.678 0.26000000
463.183 0.26000000
466.382 0.18000000
479.399 0.34000000
486.56 0.35000000
503.183 0.07000000
503.912 0.13000000
507.288 0.06666667
507.477 0.06666667
507.909 0.08000000
510.35 0.08000000
511.081 0.09000000
512.223 0.07000000
514.554 0.03333333
514.974 0.16000000
515.201 0.01333333
516.898 0.04000000
519.352 0.08000000
520.263 0.08000000
520.323 0.03333333
525.582 0.05333333
526.515 0.06000000
528.389 0.01333333
529.565 0.04333333
529.878 0.04333333
530.258 0.03333333
533.623 0.03666667
534.603 0.01666667
535.225 0.04333333
537.679 0.11000000
540.343 0.01000000
541.214 0.03000000
541.634 0.17000000
541.669 0.11000000
541.751 0.08000000
544.182 0.01000000
544.331 0.04666667
544.693 0.02000000
544.776 0.00393333
544.937 0.03000000
545.34 0.03333333
545.73 0.05333333
547.0 0.04666667
547.458 0.01333333
547.513 0.02333333
547.727 0.05000000
548.185 0.03000000
550.933 0.05333333
551.601 0.03000000
552.353 0.45000000
554.682 0.01333333
554.979 0.01000000
555.288 0.01666667
556.062 0.01000000
558.066 0.01000000
558.444 0.07000000
560.05 0.00513333
562.008 0.03666667
563.741 0.01333333
564.256 0.01000000
564.525 0.01666667
564.898 0.01000000
566.021 0.01333333
567.438 0.01666667
568.088 0.08000000
570.937 0.00293333
572.193 0.04000000
573.789 0.00286667
573.972 0.00293333
576.505 0.01000000
578.082 0.03333333
580.06 0.03333333
584.249 0.00420000
585.776 0.13000000
586.064 0.01666667
588.292 0.04000000
590.398 0.05000000
590.684 0.05666667
590.895 0.06333333
598.136 0.02000000
598.322 0.02333333
599.6 0.15000000
601.579 0.02000000
605.463 0.10000000
614.453 0.05333333
615.803 0.02333333
622.77 0.14000000
624.17 0.01333333
626.941 0.06000000
627.494 0.02666667
628.683 0.05333333
639.886 0.03000000
640.315 0.15000000
644.813 0.09000000
652.085 0.01333333
652.887 0.01333333
653.314 0.01666667
653.83 0.05666667
657.683 0.10000000
661.456 0.06333333
661.543 0.04000000
666.181 0.01000000
672.956 0.08000000
679.153 0.08000000
680.661 0.07000000
687.87 0.06000000
690.158 0.06000000
695.602 0.04000000
698.495 0.13000000