389.506 0.33333333
390.481 0.33333333
391.431 0.33333333
392.27 0.18000000
393.338 0.17666667
395.154 0.22222222
395.764 0.33333333
397.831 0.44444444
399.721 0.21333333
405.744 0.13333333
405.931 0.22222222
408.008 0.33333333
408.318 0.33333333
408.7 0.00222222
409.495 0.22222222
417.848 0.66666667
422.22 0.55555556
424.672 0.33333333
424.966 0.19666667
428.86 0.09333333
438.535 0.17666667
440.21 0.00177778
441.734 0.05333333
442.071 0.12333333
442.409 0.05333333
442.817 0.12333333
445.246 0.22222222
446.3 0.12333333
446.367 0.12333333
446.614 0.05333333
446.798 0.09000000
447.526 0.22222222
447.978 0.12333333
449.924 0.22222222
452.0 0.00180000
453.081 0.22222222
454.029 0.12666667
454.111 0.12666667
454.806 0.12666667
454.845 0.09000000
455.483 0.18333333
455.807 0.18333333
456.529 0.18666667
458.171 0.05666667
458.218 0.00188889
458.804 0.55555556
458.986 0.55555556
460.208 0.55555556
462.67 0.13666667
465.831 0.22000000
466.925 0.00206667
467.903 0.21000000
469.818 0.00213333
473.1 0.00222222
473.655 0.00222222
482.37 0.00222222
486.442 0.15000000
492.72 0.13000000
493.563 0.04000000
494.353 0.44444444
495.439 0.20666667
496.971 0.44444444
497.815 0.00333333
501.592 0.00333333
504.08 0.22222222
504.541 0.00333333
505.921 0.00333333
506.192 0.00333333
507.938 0.05000000
509.822 0.33333333
510.097 0.03333333
510.963 0.05000000
515.222 0.17000000
515.484 0.03333333
515.672 0.17000000
516.227 0.10333333
516.229 0.44444444
516.662 0.00333333
519.042 0.00333333
519.141 0.33333333
520.383 0.00333333
520.401 0.00333333
522.19 0.00333333
523.55 0.22222222
525.352 1.00000000
525.841 0.00333333
526.206 0.00333333
529.354 0.10333333
529.613 1.00000000
531.607 0.55555556
533.242 0.00333333
533.962 0.00333333
534.475 0.55555556
534.585 0.17000000
536.463 0.05000000
537.82 0.10333333
537.834 0.00333333
538.688 0.55555556
540.972 0.55555556
542.591 0.55555556
542.809 0.16000000
545.074 0.33333333
545.83 0.10333333
546.12 0.20000000
547.767 0.10333333
547.786 0.22222222
547.827 0.22222222
548.355 0.22222222
549.973 0.55555556
550.719 0.22222222
551.477 0.10333333
551.7 0.10333333
554.114 0.17000000
554.852 0.00333333
558.327 0.22222222
558.834 0.22222222
572.771 0.05000000
576.444 0.00333333
598.977 0.14333333
602.418 0.04666667
603.404 0.02666667
604.312 0.12666667
605.55 0.14666667
605.786 0.05666667
608.341 0.07333333
608.782 0.16666667
609.769 0.08000000
614.26 0.05000000
616.559 0.09333333
619.902 0.13333333
621.05 0.05333333
623.229 0.04000000
636.727 0.11000000
637.568 0.08000000
638.858 0.06333333
640.92 0.12000000
643.532 0.00555556
643.631 0.12000000
645.999 0.02666667
648.444 0.08333333
648.638 0.08000000
650.346 0.21333333
650.797 0.19666667
667.374 0.00091111
671.328 0.13000000
671.394 0.13000000
671.591 0.10333333
671.741 0.08666667
696.918 0.00222222
698.539 0.00217778
699.269 0.33333333