393.183 0.30000000
395.262 0.30000000
395.785 1.00000000
397.007 0.30000000
398.182 0.30000000
398.223 1.00000000
401.296 0.30000000
401.821 0.30000000
403.016 0.30000000
404.693 0.30000000
405.62 1.00000000
407.04 1.00000000
417.618 0.30000000
421.723 1.00000000
424.808 1.00000000
429.134 0.30000000
460.143 0.30000000
603.578 0.30000000
616.256 0.30000000
635.861 0.30000000
637.925 0.30000000
643.897 0.30000000
679.275 0.30000000
694.572 1.00000000
696.009 0.30000000
696.178 0.30000000
699.273 0.30000000