395.192 0.01375000
396.248 0.00025000
401.963 0.00102500
403.116 0.00177500
404.98 0.00055000
405.781 1.00000000
406.214 0.00875000
409.454 0.00182500
411.076 0.00375000
411.335 0.00375000
412.811 0.01750000
415.282 0.08625000
415.781 0.02000000
416.803 0.37500000
424.214 0.02625000
424.492 0.25000000
427.266 0.06000000
429.382 0.00500000
429.665 0.00375000
434.041 0.07125000
435.274 0.05625000
438.646 0.37500000
449.615 0.03000000
449.934 0.03000000
453.46 0.11625000
457.121 0.06375000
457.905 0.01875000
458.227 0.01875000
459.645 0.00192500
460.54 0.00500000
476.112 0.03375000
479.859 0.03375000
480.936 0.00167500
482.686 0.00152500
485.506 0.00147500
500.542 0.25000000
500.657 0.00000000
504.258 0.07125000
506.512 0.00115000
507.058 0.04500000
507.453 0.04500000
507.635 0.00107500
508.948 0.00000000
509.001 0.00000000
510.724 0.00122500
511.164 0.00142500
519.156 0.01625000
520.144 0.09000000
536.764 0.00225000
537.21 0.10500000
552.397 0.00072500
554.425 0.00080000
560.885 0.37500000
569.235 0.01375000
577.941 0.00018500
585.796 0.00090000
589.562 0.02625000
591.454 0.00112500
600.186 0.15000000
600.958 0.13875000
601.167 0.00000000
604.117 0.00082500
605.936 0.00000000
607.574 0.04875000
608.141 0.02625000
611.052 0.00000000
615.989 0.04875000
623.527 0.01000000
665.099 0.00052500
666.02 0.25000000
675.32 0.00035000
689.211 0.00057500