389.42 0.44444444
395.862 0.66666667
408.734 0.33333333
416.984 0.55555556
421.295 0.55555556
447.359 0.44444444
478.819 0.33333333
481.751 0.33333333
487.543 0.33333333
511.081 0.44444444
511.701 0.21333333
516.384 1.00000000
523.486 0.16333333
529.563 0.66666667
531.259 0.05000000
534.51 0.03333333
539.522 0.16333333
554.281 0.22222222
554.702 0.12000000
561.946 0.10000000
564.27 0.01888889
565.544 0.02333333
567.007 0.19333333
569.013 0.02000000
569.509 0.10000000
573.662 0.02666667
677.452 0.44444444
678.449 0.44444444
683.345 0.15333333