380.92 0.30000000
381.093 0.40000000
381.926 0.20000000
382.053 0.30000000
383.952 0.30000000
384.288 0.20000000
384.298 0.30000000
384.538 0.25000000
387.403 0.30000000
387.762 0.80000000
388.579 0.30000000
389.097 0.25000000
389.215 1.00000000
389.873 0.30000000
389.978 0.40000000
390.95 0.25000000
391.026 1.00000000
391.91 1.00000000
393.648 0.80000000
394.421 0.30000000
395.476 0.30000000
395.774 1.00000000
398.074 0.50000000
399.505 0.30000000
399.896 1.00000000
400.996 0.50000000
401.272 0.20000000
401.42 0.25000000
401.934 0.20000000
402.82 0.25000000
404.536 0.20000000
405.154 0.30000000
405.52 0.60000000
405.656 0.20000000
407.584 0.60000000
408.531 0.20000000
408.61 0.50000000
414.046 0.25000000
418.574 0.20000000
419.292 0.30000000
419.47 0.20000000
422.215 0.20000000
426.432 0.30000000
428.437 0.30000000
429.778 0.60000000
430.389 0.20000000
430.564 0.20000000
431.88 0.40000000
432.592 0.25000000
433.205 0.20000000
433.654 0.30000000
433.748 0.20000000
434.212 0.30000000
434.772 0.20000000
436.392 0.35000000
436.964 0.30000000
438.188 0.20000000
438.849 0.40000000
438.876 0.20000000
440.942 0.40000000
441.247 0.50000000
441.796 1.00000000
443.251 0.40000000
443.586 0.25000000
443.655 0.30000000
443.868 0.30000000
444.541 0.50000000
444.69 0.60000000
445.395 0.80000000
445.997 0.20000000
446.816 0.25000000
447.148 0.20000000
447.323 0.30000000
447.746 0.20000000
447.858 0.35000000
448.16 0.30000000
448.505 0.30000000
449.05 0.30000000
449.205 0.25000000
450.015 0.60000000
450.033 0.35000000
450.684 0.25000000
450.938 0.10000000
451.356 0.10000000
451.731 0.20000000
452.332 0.20000000
452.52 0.60000000
452.612 0.25000000
452.676 0.25000000
452.77 0.40000000
452.921 0.80000000
454.006 0.30000000
454.142 0.30000000
454.175 0.45000000
454.408 0.50000000
454.517 0.20000000
454.978 0.40000000
455.403 0.30000000
455.463 0.20000000
455.534 0.50000000
455.606 0.20000000
455.703 0.30000000
455.921 0.30000000
456.483 0.10000000
456.814 0.30000000
457.037 0.20000000
457.215 0.30000000
457.527 0.40000000
457.828 0.30000000
457.841 0.20000000
457.948 0.30000000
458.114 0.30000000
458.549 0.30000000
459.382 0.20000000
459.582 0.40000000
459.755 0.80000000
460.025 0.50000000
460.296 0.40000000
460.459 0.40000000
460.566 0.60000000
460.985 0.50000000
461.587 0.10000000
461.702 0.60000000
461.84 0.20000000
461.849 0.40000000
461.975 0.50000000
462.157 0.50000000
462.331 0.50000000
462.368 0.70000000
462.441 0.90000000
462.529 0.50000000
462.76 0.40000000
463.093 0.20000000
463.345 0.60000000
464.096 0.40000000
464.336 0.70000000
464.376 0.70000000
464.594 0.40000000
464.703 0.60000000
465.042 0.60000000
465.052 0.50000000
465.341 0.40000000
465.45 0.40000000
465.505 0.50000000
465.938 0.30000000
466.079 0.50000000
466.326 0.30000000
466.346 0.60000000
466.519 0.40000000
467.123 0.50000000
467.176 0.40000000
467.442 0.50000000
467.746 0.20000000
467.792 0.50000000
467.809 0.40000000
468.292 0.70000000
469.68 0.50000000
469.951 0.20000000
472.206 0.25000000
472.706 0.30000000
472.836 0.90000000
472.868 0.40000000
473.427 0.80000000
473.799 0.20000000
473.908 0.10000000
473.978 0.20000000
474.513 0.35000000
475.773 0.50000000
475.9 0.80000000
476.257 0.70000000
477.346 0.70000000
478.129 0.90000000
479.459 0.25000000
479.543 0.20000000
479.898 0.70000000
480.136 0.90000000
480.954 0.70000000
481.196 0.90000000
481.712 0.40000000
482.772 0.40000000
483.766 0.80000000
483.892 0.40000000
483.962 0.30000000
484.401 0.20000000
485.273 0.35000000
486.062 0.40000000
486.074 0.70000000
486.53 0.30000000
486.572 0.50000000
486.98 0.40000000
487.242 0.70000000
488.702 0.50000000
489.252 0.70000000
490.03 0.40000000
490.428 0.30000000
491.828 0.40000000
493.299 0.60000000
495.946 0.70000000
497.14 0.10000000
499.71 0.50000000
503.08 0.20000000
505.831 0.30000000
506.735 0.10000000
508.052 0.15000000
508.935 0.15000000
509.242 0.20000000
509.483 0.40000000
509.618 0.20000000
509.73 0.15000000
510.077 0.40000000
512.147 0.25000000
512.734 0.40000000
512.975 0.20000000
514.513 0.40000000
514.63 0.50000000
515.386 0.40000000
516.971 0.30000000
517.158 0.50000000
519.405 0.30000000
520.809 0.50000000
521.596 0.15000000
522.512 0.25000000
523.626 0.50000000
523.666 0.30000000
524.633 0.40000000
526.242 0.15000000
527.064 0.50000000
529.392 0.20000000
530.886 0.10000000
531.858 0.15000000
541.045 0.20000000
542.454 0.20000000
542.479 0.20000000
542.904 0.15000000
546.764 0.10000000
549.545 0.15000000
551.642 0.10000000
553.496 0.20000000
553.738 0.20000000
554.608 0.80000000
555.688 0.10000000
555.839 0.15000000
556.173 0.20000000
557.602 0.80000000
564.129 0.20000000
573.081 0.20000000
576.816 0.20000000
577.699 0.20000000
582.393 0.50000000
586.879 0.30000000
587.531 0.20000000
587.876 0.10000000
589.976 0.15000000
590.471 0.25000000
590.59 0.10000000
591.496 0.10000000
592.717 0.25000000
593.966 0.15000000
594.649 0.40000000
595.642 0.80000000
595.669 0.20000000
596.008 0.10000000
596.3 0.15000000
596.789 0.40000000
597.973 0.20000000
598.482 0.20000000
598.713 0.10000000
599.712 0.40000000
602.711 0.20000000
603.006 0.30000000
603.132 0.40000000
604.339 0.50000000
605.257 0.15000000
606.7 0.10000000
606.906 0.50000000
607.64 0.10000000
608.541 0.20000000
610.021 0.90000000
610.64 0.40000000
611.49 0.10000000
615.176 0.40000000
615.953 0.10000000
616.316 0.40000000
618.452 0.10000000
620.891 0.20000000
622.964 0.50000000
623.779 0.40000000
626.325 0.10000000
627.269 0.40000000
628.606 0.40000000
630.829 0.50000000
631.42 0.10000000
632.384 0.70000000
639.031 0.50000000
642.964 0.10000000
643.193 0.50000000
643.657 0.10000000
648.761 0.40000000
651.034 0.40000000
651.725 0.50000000
651.943 0.20000000
652.045 1.00000000
654.22 0.50000000
655.848 0.10000000
658.639 0.10000000
659.229 0.10000000
659.815 0.90000000
659.866 0.80000000
660.637 0.70000000
662.523 0.80000000
662.554 0.10000000
664.981 0.70000000
665.905 0.40000000
666.125 0.10000000
666.168 0.50000000
666.376 0.40000000
666.751 0.80000000
667.747 0.70000000
668.089 0.20000000
668.555 0.50000000
668.568 0.50000000
669.009 0.15000000
670.033 0.60000000
670.627 0.10000000
671.467 0.70000000
671.726 0.50000000
672.071 0.50000000
672.75 0.70000000
674.371 0.60000000
674.991 0.90000000
675.048 0.90000000
675.645 0.20000000
677.229 0.30000000
677.878 0.40000000
678.309 0.10000000
679.687 0.10000000
681.168 0.20000000
683.33 0.80000000
684.837 0.40000000
685.858 0.04950000