380.484 0.32000000
380.918 0.51000000
381.184 0.16000000
381.725 0.00653333
381.766 0.01333333
381.828 0.66666667
381.914 0.02000000
382.18 0.31000000
382.318 0.66666667
382.667 0.02333333
383.072 0.59000000
383.493 0.17000000
384.099 0.17000000
384.234 0.45000000
384.454 0.28000000
384.659 0.38000000
385.079 0.27000000
385.155 1.00000000
385.28 0.53000000
385.825 0.10000000
385.914 0.02000000
386.18 0.00553333
386.545 1.00000000
386.752 0.10000000
387.619 0.38000000
387.718 0.59000000
387.92 0.47000000
388.934 0.66000000
389.725 0.08000000
389.884 0.06333333
390.805 0.40000000
391.29 0.58000000
391.476 0.03666667
391.885 0.38000000
391.963 0.13000000
392.053 0.11000000
392.746 0.29000000
392.929 0.14000000
393.83 0.14000000
394.943 0.49000000
395.351 0.49000000
395.675 0.06333333
395.944 0.08000000
396.426 0.19000000
396.481 0.40000000
396.657 0.32000000
397.167 0.19000000
397.485 0.04666667
398.051 0.01000000
398.968 0.65000000
399.191 0.08000000
399.216 0.08000000
399.583 0.01333333
399.704 0.33000000
399.796 0.06666667
399.912 0.16000000
400.02 0.16000000
400.869 0.50000000
401.06 0.02666667
401.836 0.00386667
402.096 0.13000000
402.271 0.03666667
402.554 0.12000000
402.683 0.06000000
402.9 0.03333333
402.96 0.00666667
402.972 0.04333333
403.247 0.05666667
403.822 0.03000000
403.845 0.04000000
403.934 0.13000000
404.481 0.12000000
404.57 0.01333333
404.663 0.02000000
404.708 0.04666667
405.113 0.11000000
405.488 0.11000000
405.654 0.22000000
406.222 0.01000000
406.281 0.31000000
406.88 0.08000000
407.977 0.10000000
408.098 0.10000000
408.185 0.15000000
408.334 0.04000000
408.721 0.10000000
409.682 0.05666667
409.84 0.04000000
410.072 0.22000000
411.389 0.15000000
411.846 0.31000000
412.915 0.05666667
413.077 0.07000000
413.361 0.03000000
414.122 0.29000000
414.246 0.00586667
414.311 0.41000000
414.448 0.00386667
414.65 0.06333333
414.785 0.00406667
416.416 0.51000000
416.804 0.08000000
417.182 0.16000000
417.215 0.00413333
417.532 0.08000000
417.939 0.32000000
417.977 0.00600000
418.418 0.01666667
418.948 0.30000000
419.16 0.18000000
419.701 0.02000000
420.117 0.09000000
420.672 0.32000000
420.832 0.12000000
421.781 0.08000000
421.945 0.02333333
422.293 0.43000000
422.535 0.19000000
423.145 0.02666667
424.002 0.05666667
424.101 0.23000000
424.351 0.09000000
425.44 0.16000000
426.909 0.07000000
427.227 0.30000000
427.507 0.07000000
428.007 0.34000000
428.632 0.02333333
429.827 0.00473333
430.173 0.09000000
430.576 0.38000000
431.634 0.00213333
432.355 0.24000000
433.397 0.37000000
434.43 0.38000000
434.749 0.25000000
435.04 0.17000000
435.428 0.00140000
435.491 0.19000000
435.979 0.28000000
437.162 0.55000000
437.982 0.00446667
438.147 0.08000000
439.608 0.37000000
440.471 0.10000000
440.512 0.09000000
440.583 0.37000000
440.882 0.42000000
441.904 0.25000000
442.11 0.00380000
442.458 0.28000000
442.925 0.60000000
443.185 0.12000000
443.228 0.24000000
444.793 0.01000000
444.983 0.35000000
445.014 0.11000000
445.1 0.01333333
445.19 0.22000000
445.468 0.08000000
446.102 0.00400000
446.181 0.00653333
446.866 0.34000000
449.646 0.58000000
450.031 0.01000000
451.015 0.58000000
453.415 0.53000000
461.202 0.01333333
461.208 0.19000000
462.518 0.01666667
463.228 0.17000000
463.568 0.16000000
463.955 0.23000000
465.416 0.02666667
468.78 0.19000000
469.577 0.21000000
470.807 0.14000000
470.952 0.11000000
471.37 0.01666667
472.555 0.00666667
472.821 0.00620000
473.067 0.13000000
473.412 0.22000000
473.669 0.29000000
474.416 0.20000000
474.711 0.01000000
477.183 0.03333333
477.53 0.03333333
485.739 0.04333333
487.912 0.13000000
488.605 0.09000000
490.699 0.22000000
491.263 0.04333333
491.402 0.25000000
492.46 0.33000000
493.6 0.20000000
493.974 0.40000000
494.03 0.20000000
495.137 0.59000000
497.575 0.12000000
501.859 0.23000000
501.976 0.23000000
502.696 0.39000000
503.338 0.05000000
503.441 0.15000000
504.383 0.08000000
504.552 0.21000000
505.34 0.16000000
508.712 0.14000000
511.038 0.39000000
511.076 0.39000000
512.952 0.43000000
513.344 0.26000000
513.514 0.21000000
513.981 0.06333333
515.23 0.06333333
517.39 0.43000000
519.443 0.08000000
519.511 0.04000000
519.531 0.08000000
520.655 0.12000000
520.851 0.00593333
521.905 0.19000000
522.011 0.31000000
522.797 0.06000000
525.174 0.04000000
525.973 0.51000000
526.168 0.00606667
526.444 0.04000000
528.47 0.06000000
529.262 0.20000000
529.999 0.06333333
532.276 0.15000000
534.002 0.09000000
542.77 0.00473333
550.15 0.00166667
550.879 0.08000000
551.358 0.10000000
551.512 0.04666667
551.938 0.00106667
552.031 0.03000000
552.279 0.10000000
552.415 0.06000000
552.793 0.02666667
553.021 0.02000000
553.116 0.11000000
553.517 0.05333333
553.837 0.05333333
553.878 0.01666667
556.146 0.01333333
556.206 0.07000000
556.552 0.04333333
556.691 0.01333333
557.461 0.00052000
557.881 0.01333333
558.174 0.00466667
558.235 0.00060667
558.402 0.00051333
559.492 0.02666667
559.729 0.01333333
560.13 0.00059333
560.565 0.04666667
560.668 0.00058667
560.893 0.00126667
561.022 0.02666667
562.006 0.00048667
562.026 0.02333333
562.189 0.06666667
562.305 0.06666667
562.445 0.05333333
563.303 0.01666667
563.646 0.01333333
563.879 0.13000000
564.037 0.01333333
564.316 0.01333333
564.541 0.00086667
564.68 0.00593333
566.157 0.03333333
566.219 0.00054667
566.846 0.08000000
566.955 0.01666667
566.999 0.01333333
567.414 0.01666667
568.56 0.00666667
568.652 0.01333333
568.717 0.01000000
568.844 0.02000000
568.921 0.00056667
569.097 0.02333333
569.59 0.02000000
570.438 0.01666667
570.761 0.21000000
571.163 0.01666667
571.383 0.01333333
571.608 0.01000000
571.963 0.01333333
571.98 0.01333333
572.838 0.01666667
573.188 0.03333333
574.713 0.01666667
574.774 0.00048000
575.94 0.00073333
576.02 0.02333333
576.527 0.02666667
577.316 0.00113333
577.591 0.01000000
577.928 0.10000000
578.528 0.01000000
578.617 0.02000000
578.829 0.00048000
578.892 0.00050667
579.295 0.01000000
581.058 0.02333333
581.355 0.00666667
581.517 0.03666667
581.533 0.02333333
581.857 0.02666667
582.062 0.01333333
582.136 0.01666667
582.259 0.02333333
583.513 0.08000000
584.441 0.09000000
584.498 0.03000000
584.713 0.06333333
585.263 0.05333333
585.444 0.00080000
585.607 0.07000000
585.69 0.06000000
585.968 0.12000000
586.883 0.09000000
587.383 0.00200000
587.472 0.03666667
587.81 0.09000000
587.904 0.00320000
587.925 0.09000000
588.472 0.03666667
589.223 0.08000000
589.422 0.12000000
590.311 0.05333333
590.445 0.06000000
590.867 0.05000000
591.531 0.03000000
591.597 0.02333333
592.076 0.06000000
593.633 0.00066667
593.99 0.07000000
594.072 0.03666667
594.165 0.01666667
594.798 0.00526667
594.976 0.02333333
595.127 0.02333333
595.605 0.14000000
595.66 0.02333333
595.925 0.00600000
596.218 0.01333333
596.3 0.01666667
596.782 0.03333333
597.695 0.01000000
597.888 0.01333333
598.119 0.05000000
598.614 0.12000000
598.714 0.02000000
598.729 0.00226667
599.127 0.00064000
599.489 0.00061333
599.606 0.03666667
599.894 0.04000000
600.244 0.02666667
600.633 0.05000000
600.854 0.00054000
601.648 0.04333333
601.78 0.14000000
601.985 0.02666667
602.572 0.07000000
604.666 0.02666667
604.926 0.01000000
605.088 0.00600000
605.301 0.03000000
605.513 0.20000000
607.109 0.03666667
608.581 0.08000000
608.616 0.05000000
609.002 0.03666667
609.309 0.04333333
609.628 0.04666667
610.672 0.07000000
610.908 0.07000000
611.438 0.16000000
611.802 0.09000000
612.215 0.07000000
614.151 0.03666667
614.823 0.00300000
614.824 0.04666667
615.782 0.00666667
616.024 0.11000000
616.118 0.11000000
616.122 0.03333333
616.538 0.00386667
616.594 0.10000000
618.796 0.02666667
619.505 0.00666667
619.563 0.15000000
619.745 0.00266667
620.081 0.00280000
620.563 0.00126667
621.059 0.03333333
621.273 0.11000000
621.806 0.06333333
623.68 0.00286667
624.105 0.11000000
624.435 0.13000000
625.51 0.00360000
626.454 0.00126667
627.868 0.06000000
628.128 0.16000000
628.902 0.09000000
629.801 0.00066667
630.205 0.00066667
630.235 0.06333333
630.405 0.05000000
630.523 0.05666667
631.036 0.01333333
632.236 0.19000000
634.388 0.06333333
634.711 0.03000000
635.098 0.13000000
635.72 0.06333333
635.903 0.25000000
636.165 0.00633333
636.362 0.00066667
637.761 0.03000000
637.859 0.05000000
638.957 0.05000000
639.199 0.06333333
639.318 0.16000000
639.796 0.07000000
641.069 0.03666667
641.123 0.00333333
641.368 0.06000000
641.543 0.01666667
642.926 0.01666667
642.963 0.04666667
643.184 0.04666667
644.278 0.00041333
644.391 0.01333333
644.474 0.01666667
645.344 0.05666667
645.618 0.03000000
646.019 0.01666667
646.772 0.04000000
648.655 0.16000000
649.175 0.10000000
649.349 0.02666667
649.489 0.02000000
649.711 0.02000000
649.894 0.01333333
650.004 0.03000000
650.072 0.05000000
650.149 0.01333333
650.409 0.02000000
651.714 0.01666667
651.879 0.02000000
653.452 0.01666667
654.047 0.08000000
655.33 0.02000000
656.462 0.05000000
656.677 0.10000000
657.103 0.01000000
657.8 0.01333333
657.89 0.01000000
658.456 0.00030000
659.548 0.01333333
660.986 0.02000000
661.646 0.00460000
661.667 0.16000000
663.1 0.00028667
663.206 0.00666667
664.712 0.02333333
665.683 0.13000000
667.341 0.12000000
667.378 0.16000000
668.751 0.00017333
669.925 0.00014000
670.67 0.02333333
672.763 0.00600000
673.679 0.03333333
674.709 0.15000000
674.919 0.04666667
678.499 0.00133333
679.86 0.43000000
681.761 0.00153333
682.796 0.02333333
683.05 0.02000000
684.439 0.00049333
684.547 0.01000000
685.277 0.01333333
685.463 0.00400000
685.73 0.00666667
686.68 0.04000000
687.044 0.00666667
688.466 0.01000000
689.271 0.01666667
689.906 0.05333333
690.352 0.02666667
691.014 0.36000000
693.455 0.00606667
697.096 0.02000000
697.983 0.00426667
698.012 0.01000000