380.236 0.00666667
380.53 0.00263333
380.693 0.01166667
381.507 0.01333333
381.76 0.00500000
381.869 0.10000000
382.275 0.01500000
383.729 0.00190000
384.296 0.00500000
385.041 0.00163333
385.453 0.01000000
386.322 0.02000000
386.579 0.00256667
386.842 0.00500000
386.988 0.00316667
387.572 0.00500000
387.697 0.00500000
388.085 0.00666667
388.24 0.00833333
388.522 0.00500000
389.433 0.00070000
389.873 0.05000000
390.072 0.10000000
390.245 0.01500000
390.371 0.00500000
390.438 0.01166667
390.557 0.00186667
390.875 0.00160000
391.09 0.01166667
392.296 0.25000000
392.527 0.02000000
392.534 0.15000000
392.638 0.01000000
394.16 0.01166667
394.411 0.00100000
394.839 0.15000000
394.859 0.00120000
395.364 0.00500000
396.304 0.00076667
396.636 0.19000000
397.005 0.03500000
398.06 0.00833333
398.226 0.00136667
399.657 0.10500000
399.879 0.00180000
400.18 0.00156667
400.248 0.04500000
400.91 0.02166667
401.371 0.19500000
401.431 0.00333333
401.821 0.00500000
401.961 0.00333333
402.382 0.00500000
402.795 0.00333333
403.13 0.01833333
403.419 0.00833333
404.129 0.00833333
404.646 0.03000000
405.311 0.00116667
405.477 0.00666667
406.036 0.00313333
406.116 0.00090000
406.166 0.01166667
406.57 0.05000000
406.592 0.00666667
406.609 0.00206667
407.038 0.00833333
407.21 0.00093333
408.147 0.00333333
408.478 0.01333333
408.733 0.01166667
409.006 0.02333333
409.225 0.00500000
409.292 0.00173333
409.436 0.00216667
409.554 0.01333333
410.473 0.00170000
410.546 0.00240000
410.76 0.00046667
411.212 0.00080000
411.867 0.24500000
412.7 0.00053333
413.518 0.00500000
413.747 0.02333333
413.975 0.00246667
414.361 0.01000000
414.503 0.07500000
414.828 0.01500000
415.284 0.01333333
415.484 0.00333333
416.455 0.33333333
416.73 0.07000000
416.908 0.04500000
418.307 0.00333333
418.475 0.01166667
419.014 0.00500000
419.242 0.33333333
420.121 0.01166667
420.86 0.05500000
421.309 0.25000000
421.377 0.12500000
421.502 0.05000000
421.852 0.06000000
422.368 0.03166667
422.384 0.01666667
422.52 0.12500000
423.109 0.09500000
423.737 0.01000000
424.072 0.01000000
424.286 0.00833333
424.417 0.05000000
424.767 0.11500000
425.117 0.14500000
425.993 0.01166667
426.099 0.00276667
426.35 0.02166667
426.516 0.01000000
426.746 0.00500000
426.925 0.00333333
427.392 0.00333333
428.174 0.01166667
428.805 0.13500000
428.839 0.00333333
429.09 0.00333333
429.492 0.00833333
430.127 0.00500000
430.242 0.00316667
430.78 0.00833333
430.918 0.00666667
431.115 0.00330000
431.73 0.01833333
432.059 0.03000000
432.499 0.01833333
432.705 0.26000000
433.108 0.00246667
433.465 0.00666667
434.258 0.00833333
434.364 0.01000000
435.833 0.00333333
436.445 0.00500000
437.101 0.00500000
439.182 0.33333333
441.14 0.00666667
441.425 0.00500000
443.019 0.01000000
443.727 0.04000000
444.255 1.00000000
444.554 0.02166667
445.493 0.01000000
445.862 0.05500000
446.514 0.02333333
447.345 0.01333333
448.469 0.02833333
448.676 0.03333333
449.866 0.02333333
449.875 0.83333333
449.892 0.02666667
450.858 0.03500000
451.125 0.03166667
451.414 0.09000000
451.563 0.04000000
452.089 0.66666667
452.299 0.17500000
454.788 0.05500000
455.194 0.03166667
455.241 1.00000000
455.46 0.14500000
457.626 0.03500000
457.741 0.06500000
458.054 0.04000000
458.067 0.04000000
464.082 0.09000000
468.409 0.04500000
473.757 0.06500000
473.975 0.07500000
474.786 0.05000000
476.808 0.03500000
477.231 0.05500000
483.122 0.02333333
483.196 0.01500000
485.392 0.13500000
486.239 0.02500000
487.954 0.11500000
496.77 0.02833333
498.038 0.03166667
498.684 0.04000000
499.797 0.07000000
500.263 0.16500000
503.354 0.10000000
503.852 0.01666667
504.395 0.08500000
504.405 0.20500000
505.535 0.01333333
505.948 0.18500000
507.777 0.01166667
508.234 0.01166667
516.494 0.00333333
519.389 0.01166667
519.923 0.02333333
522.312 0.00253333
522.765 0.14500000
526.084 0.02333333
528.61 0.02166667
530.101 0.66666667
532.86 0.00500000
536.898 0.07000000
538.787 0.03500000
539.078 0.12500000
547.576 0.20000000
547.848 0.16500000
551.408 0.04000000
576.356 0.04000000
584.012 0.16000000
584.481 0.09000000
586.083 0.15500000
602.423 0.04000000
602.602 0.08000000
628.348 0.06000000
631.836 0.07500000
632.658 0.12000000
633.288 0.02333333
652.343 0.10500000
664.83 0.02333333
665.554 0.02333333
671.04 0.18000000
676.0 0.50000000
682.02 0.00666667
683.806 0.00833333
684.26 0.02166667
689.672 0.00666667
690.881 0.00666667
695.683 0.06000000
695.75 0.00666667
697.568 0.01000000
698.981 0.00666667