381.14 0.54545455
381.23 0.05181818
382.757 0.05181818
383.552 0.54545455
383.696 0.05181818
383.892 0.05181818
384.21 0.05181818
385.101 0.54545455
385.185 0.36363636
387.854 0.54545455
389.589 0.36363636
392.853 0.05181818
397.543 0.05181818
409.712 0.05181818
410.196 0.05181818
410.595 0.05181818
411.107 0.05181818
411.491 0.05181818
412.812 0.05181818
412.993 0.05181818
413.301 0.54545455
413.597 0.05181818
414.004 0.54545455
414.12 0.05181818
415.109 0.54545455
415.145 0.54545455
415.546 0.05181818
415.939 0.05181818
416.777 0.05181818
417.095 0.05181818
417.828 0.05181818
418.99 0.05181818
419.006 0.05181818
419.62 0.05181818
420.648 1.00000000
420.823 0.54545455
422.187 0.05181818
422.42 0.05181818
422.977 0.05181818
425.476 0.05181818
426.188 0.54545455
426.977 0.05181818
427.334 0.05181818
428.117 0.05181818
428.908 0.05181818
433.718 0.05181818
435.271 0.05181818
436.741 0.05181818
437.991 0.05181818
438.535 0.05181818
439.393 0.05181818
440.49 0.54545455
444.165 0.05181818
446.854 0.05181818
447.279 0.05181818
449.378 0.05181818
450.491 0.05181818
453.615 1.00000000
473.54 0.05181818
498.934 0.05181818
526.986 0.05181818
538.102 0.05181818
549.85 0.05181818
551.072 0.05181818
553.759 0.05181818
554.962 0.05181818
559.054 0.05181818
559.233 0.05181818
571.239 0.54545455
577.026 0.05181818
583.905 0.05181818
598.335 0.05181818
601.278 0.05181818
619.28 0.54545455
630.466 0.81818182
644.975 0.54545455
648.671 0.81818182
648.886 1.00000000
653.527 0.54545455
654.421 0.54545455
660.895 0.54545455
667.272 0.05181818
678.466 0.05181818
688.016 0.05181818
688.771 0.81818182
689.138 0.05181818