381.442 0.75000000
385.19 0.00950000
389.455 0.00950000
391.674 0.00150000
394.102 0.00150000
401.03 0.00150000
405.407 0.00100000
417.798 0.00400000
419.409 0.03000000
419.556 0.00150000
422.024 0.00100000
424.472 0.01500000
426.512 0.00250000
430.5 0.00400000
434.064 0.40000000
436.63 0.00150000
442.635 0.00150000
443.627 0.07650000
444.447 0.00067000
453.311 0.10000000
464.129 0.01500000
466.352 0.00250000
467.219 0.00091000
468.224 0.30000000
469.928 0.01500000
470.197 0.00150000
474.007 0.00150000
480.311 0.00250000
482.593 0.30000000
483.727 0.00250000
485.607 0.00650000
485.941 0.03900000
486.227 0.00150000
488.228 0.00250000
490.324 0.00400000
492.753 0.03900000
497.177 0.00600000
498.203 0.00400000
499.726 0.00200000
504.156 0.01200000
506.657 0.00500000
508.103 0.01650000
509.756 0.08250000
520.593 0.07200000
526.396 0.00600000
527.791 0.00200000
528.328 0.05850000
532.029 0.05250000
532.309 0.00026000
539.98 0.04200000
540.023 0.08400000
540.681 0.08250000
548.213 0.01500000
548.832 0.00350000
549.783 0.00100000
550.198 0.03450000
550.55 0.00350000
554.425 0.00200000
555.357 0.03300000
555.585 0.06600000
559.115 0.00100000
560.15 0.00450000
561.666 0.03300000
562.047 0.00200000
562.343 0.00200000
566.081 0.15000000
566.173 0.00700000
569.016 0.00200000
572.883 0.00400000
575.545 0.00450000
577.828 0.00650000
579.578 0.00650000
581.158 0.00700000
581.363 0.09900000
582.349 0.00300000
590.72 0.00250000
595.717 0.00300000
595.767 0.01200000
615.119 0.02100000
615.873 0.00100000
616.703 0.05250000
620.03 0.80000000
624.716 0.04200000
629.856 0.00097000
633.69 0.45000000
643.89 0.03000000
644.62 1.00000000
647.447 0.01500000
648.732 1.00000000
652.892 0.01500000
653.208 0.03000000
654.593 0.03000000
658.541 0.05400000
659.334 0.55000000
659.947 0.03300000
664.595 0.01800000
665.333 0.01950000
671.932 0.70000000
675.82 0.07050000
690.31 0.03150000
692.011 0.00097000
698.022 0.75000000