380.262 0.00225000
382.666 0.00375000
383.785 0.00045000
386.074 0.00117500
387.034 0.00117500
387.619 0.00047500
390.729 0.06000000
392.22 0.00245000
392.644 0.00375000
394.051 0.04875000
394.337 0.00250000
397.815 0.01000000
400.85 0.00025000
402.949 0.00375000
404.864 0.00027500
408.388 0.00375000
410.428 0.00500000
413.611 0.00500000
419.308 0.02000000
420.179 1.00000000
421.552 0.50000000
422.722 0.00050000
424.44 0.01125000
424.908 0.00625000
426.658 0.00375000
427.025 0.00250000
427.314 0.00875000
428.797 0.00625000
429.397 0.01125000
430.626 0.00250000
434.653 0.00500000
434.696 0.00222500
435.509 0.00027500
437.712 0.00250000
438.482 0.00027500
440.483 0.00135000
441.568 0.00250000
442.101 0.00080000
442.17 0.00185000
444.01 0.00250000
444.32 0.00025000
444.366 0.01250000
446.291 0.00247500
446.353 0.00122500
446.645 0.00072500
446.947 0.00250000
447.599 0.00500000
448.23 0.00110000
448.816 0.00067500
449.392 0.00222500
450.069 0.01250000
451.484 0.00105000
451.904 0.00250000
451.988 0.02000000
452.96 0.00250000
453.034 0.00375000
453.379 0.00167500
454.074 0.00250000
456.225 0.00500000
457.177 0.00875000
459.193 0.00375000
459.989 0.02125000
461.461 0.00250000
461.766 0.00027500
462.007 0.00375000
462.242 0.01375000
462.441 0.00750000
463.189 0.00140000
463.537 0.00082500
464.745 0.00055000
464.857 0.00500000
465.928 0.00222500
466.057 0.00375000
466.525 0.00055000
466.573 0.00750000
467.692 0.00027500
469.078 0.00140000
469.43 0.00082500
473.045 0.00250000
473.304 0.00055000
474.721 0.00057500
475.194 0.00085000
475.53 0.00250000
475.782 0.00250000
476.392 0.00250000
477.595 0.00750000
478.053 0.01500000
478.283 0.00750000
479.736 0.00030000
482.092 0.00087500
482.713 0.00750000
485.534 0.00500000
488.559 0.00245000
488.674 0.00087500
493.057 0.00500000
500.646 0.00250000
502.774 0.00050000
503.16 0.00875000
505.02 0.00019250
507.283 0.00235000
507.388 0.01125000
508.799 0.00047500
513.247 0.00045000
513.653 0.00065000
515.013 0.00217500
515.208 0.01625000
515.931 0.00025000
516.458 0.00080000
516.502 0.00030000
516.514 0.00062500
516.965 0.00080000
517.532 0.00037500
519.528 0.00250000
519.939 0.01000000
520.664 0.00250000
521.098 0.00140000
521.76 0.00014750
522.905 0.00125000
523.115 0.00250000
523.397 0.00217500
523.461 0.00075000
525.665 0.00095000
526.003 0.00247500
526.009 0.00117500
526.023 0.00062500
527.051 0.00172500
527.412 0.00042500
530.89 0.00055000
531.049 0.00072500
532.238 0.00082500
533.002 0.00125000
534.57 0.00200000
535.204 0.00050000
536.102 0.00170000
536.26 0.00375000
539.057 0.00150000
539.716 0.00019000
541.487 0.00019750
542.244 0.02625000
543.153 0.00625000
543.183 0.00102500
544.582 0.00072500
544.681 0.00072500
546.983 0.00875000
547.932 0.00165000
548.061 0.00075000
548.801 0.00030000
550.063 0.03750000
551.255 0.00750000
551.857 0.00092500
552.278 0.02375000
553.44 0.00017000
557.006 0.00500000
557.879 0.03375000
558.419 0.00247500
559.452 0.00375000
559.543 0.00047500
559.606 0.00045000
560.039 0.01125000
560.826 0.00112500
562.333 0.00035000
563.599 0.01750000
564.777 0.00750000
565.375 0.03750000
567.92 0.00065000
569.915 0.02125000
572.412 0.01125000
572.461 0.11250000
572.825 0.00095000
573.964 0.03750000
574.756 0.00052500
575.709 0.00625000
578.208 0.00047500
581.589 0.00080000
582.113 0.00016000
582.263 0.00016000
583.18 0.00082500
585.216 0.00057500
585.99 0.00019750
589.308 0.01750000
591.171 0.00500000
591.517 0.00080000
595.198 0.00625000
597.893 0.00250000
599.407 0.00875000
601.218 0.00062500
607.075 0.18000000
609.481 0.00875000
610.0 0.00032500
611.91 0.00035000
613.354 0.00115000
613.527 0.07875000
614.032 0.03000000
615.963 0.17250000
617.272 0.00180000
619.908 0.04875000
620.289 0.00750000
620.631 0.37500000
621.525 0.00375000
622.169 0.00102500
622.583 0.01250000
626.94 0.16500000
627.57 0.05625000
629.833 0.62500000
629.922 0.16875000
631.055 0.00177500
631.386 0.00235000
631.73 0.00250000
633.515 0.00060000
633.764 0.03000000
636.301 0.00875000
641.085 0.03000000
641.317 0.03750000
645.833 0.22875000
649.824 0.02625000
651.584 0.03000000
655.562 0.04875000
656.081 0.07500000
660.785 0.00220000
667.184 0.00162500
676.994 0.00102500
677.507 0.07500000
677.552 0.05250000
678.475 0.00055000
680.562 0.01875000
682.24 0.00035000
682.611 0.00117500