381.566 0.01350000
383.63 0.02100000
386.994 0.02100000
387.526 0.02100000
387.686 0.03150000
390.821 0.01350000
391.392 0.01650000
391.727 0.05700000
392.985 0.06000000
393.69 0.02400000
394.472 0.01800000
394.591 0.02550000
396.104 0.01950000
396.248 0.06600000
400.493 0.01800000
402.296 0.01350000
402.331 0.02100000
402.963 0.04050000
403.331 0.01950000
403.749 0.01500000
404.899 0.01350000
408.143 0.01050000
410.442 0.01500000
411.089 0.02400000
412.164 0.03600000
413.342 0.15000000
413.645 0.10000000
414.436 0.08850000
414.996 0.02700000
417.04 0.01650000
418.29 0.07950000
418.306 0.07800000
422.108 0.15000000
422.746 0.35000000
424.139 0.05250000
425.76 0.10000000
429.117 0.20000000
430.44 0.01350000
433.225 0.07800000
435.798 0.03600000
435.869 0.20000000
436.758 0.20000000
439.134 0.06750000
439.438 0.10000000
440.64 0.10000000
441.582 0.20000000
447.508 0.06300000
447.839 0.15000000
450.704 0.07800000
451.331 0.70000000
451.664 0.20000000
452.273 0.20000000
452.388 0.07800000
452.995 0.08250000
454.517 0.05550000
458.068 0.05100000
460.573 0.06450000
462.138 0.03600000
479.142 0.20000000
488.914 1.00000000
492.39 0.25000000
505.856 0.10000000
509.65 0.10000000
512.032 0.08250000
516.165 0.05100000
517.889 0.08850000
518.174 0.01950000
523.431 0.06450000
524.886 0.04200000
527.095 0.20000000
527.556 0.40000000
527.824 0.07350000
530.556 0.01350000
531.728 0.02550000
532.128 0.02700000
532.746 0.07050000
533.19 0.05700000
533.276 0.00700000
533.385 0.02100000
536.948 0.01350000
536.98 0.01800000
537.71 0.10000000
543.19 0.05550000
543.703 0.03900000
544.792 0.04200000
546.064 0.05850000
552.005 0.01500000
552.11 0.01800000
553.268 0.04950000
556.324 0.06300000
557.347 0.01500000
558.472 0.02100000
560.721 0.00750000
561.227 0.01950000
566.788 0.03900000
571.143 0.01500000
571.695 0.01200000
575.293 0.04800000
577.683 0.06750000
579.16 0.00800000
581.592 0.05550000
583.431 0.20000000
591.986 0.00450000
594.324 0.08700000
595.021 0.00350000
596.977 0.04050000
598.999 0.00700000
599.573 0.04650000
611.422 0.04500000
614.581 0.04050000
614.682 0.04050000
620.324 0.02250000
621.797 0.04350000
622.942 0.05700000
624.324 0.05850000
626.002 0.00750000
626.024 0.01500000
627.137 0.01000000
627.876 0.01500000
628.641 0.01800000
630.342 0.01650000
630.77 0.20000000
632.19 0.25000000
635.075 0.15000000
638.294 0.01500000
641.147 0.03750000
651.147 0.10000000
651.525 0.03750000
654.491 0.07050000
657.711 0.15000000
659.252 0.15000000
660.519 0.10000000
662.391 0.06000000
663.725 0.03300000
665.239 0.10000000
668.328 0.00750000
671.13 0.00450000
675.122 0.02100000
676.119 0.00400000
681.341 0.25000000
682.99 0.25000000
697.153 0.05550000