380.95 0.02250000
381.245 0.03500000
381.647 0.10500000
381.819 0.36000000
382.226 0.75000000
382.848 0.75000000
383.389 0.33750000
383.475 0.03500000
385.298 0.00047500
385.652 0.30000000
387.239 0.25500000
387.734 0.09750000
388.834 0.02250000
391.283 0.00750000
391.351 0.01250000
392.219 0.04500000
393.423 0.27000000
393.584 0.10500000
394.272 0.16500000
395.824 0.01500000
395.886 0.50000000
396.454 0.00750000
398.44 0.06750000
399.561 0.03750000
399.615 0.06000000
402.314 0.03000000
404.904 0.01000000
405.344 0.01750000
405.634 0.01250000
407.757 0.00750000
408.278 0.12750000
408.428 0.00235000
408.779 0.00315000
408.85 0.00500000
409.752 0.02750000
411.968 0.06750000
412.168 0.10500000
412.887 0.21000000
413.527 0.21750000
415.437 0.06750000
419.65 0.23250000
420.662 0.02000000
421.114 0.48000000
423.02 0.01500000
424.444 0.02250000
427.343 0.03500000
427.86 0.03000000
428.871 0.43500000
429.677 0.05250000
434.244 0.04500000
437.304 0.05250000
437.48 1.00000000
437.992 0.06750000
449.247 0.13500000
450.378 0.20250000
452.872 0.38250000
454.427 0.07500000
454.873 0.12000000
455.164 0.13500000
456.089 0.12750000
456.519 0.09750000
456.9 0.46500000
457.131 0.03000000
460.812 0.15750000
461.991 0.06750000
464.318 0.09000000
467.503 0.16500000
472.1 0.04250000
474.511 0.13500000
475.558 0.11250000
484.243 0.27000000
485.163 0.41250000
486.577 0.07500000
496.371 0.50000000
497.775 0.13500000
497.918 0.10500000
508.552 0.04000000
509.063 0.27000000
512.069 0.09750000
513.076 0.09750000
515.554 0.40500000
518.419 0.50000000
521.273 0.41250000
523.78 0.09000000
529.214 0.12750000
539.044 0.12750000
542.472 0.20250000
543.958 0.18000000
544.523 0.21000000
547.612 0.15000000
559.942 0.18000000
560.771 0.00285000
560.835 0.00375000
563.277 0.02000000
565.962 0.04250000
568.638 0.04500000
572.73 0.03250000
579.266 0.04000000
579.579 0.00750000
580.691 0.09000000
582.184 0.00370000
583.158 0.06000000
590.731 0.13500000
591.854 0.06750000
598.36 0.18750000
599.119 0.01250000
610.272 0.17250000
611.615 0.05000000
612.806 0.08250000
618.689 0.24000000
619.999 0.20250000
625.372 0.21750000
627.666 0.04000000
627.746 0.07500000
629.338 0.04000000
631.953 0.18750000
641.472 0.18000000
651.041 0.12000000
651.97 0.18750000
662.78 0.13500000
663.016 0.18750000
675.235 1.00000000
682.733 0.50000000
685.768 0.27750000
687.994 0.42000000
696.567 0.50000000
697.291 0.01500000
697.915 0.06000000