394.172 0.02950000
395.236 0.02900000
422.606 0.04250000
430.776 0.33500000
433.578 0.01850000
434.96 1.00000000
443.505 0.12500000
445.925 0.14000000
450.848 0.11500000
457.772 0.09500000
460.938 0.09000000
472.176 0.05000000
572.258 0.01350000
606.192 0.02950000
620.075 0.04500000
638.045 0.05000000
655.749 0.17500000
660.643 0.18500000
662.723 0.30500000
666.96 0.14500000
670.428 0.20500000
675.181 0.75000000
680.679 0.24000000
683.695 0.32500000
683.757 0.32500000
689.116 0.49500000
699.89 0.50000000