380.868 0.06500000
381.272 0.01583333
381.727 0.07750000
381.903 0.06500000
382.209 0.06500000
382.493 0.04000000
383.18 0.07750000
383.505 0.06500000
383.807 0.01583333
383.97 0.06500000
384.668 0.01583333
385.043 0.06500000
385.646 0.06500000
385.755 0.06500000
386.072 0.02500000
386.269 0.07750000
386.784 0.07750000
387.352 0.05500000
389.221 0.05500000
390.908 0.05000000
392.092 0.01750000
392.347 0.08750000
392.592 0.08750000
393.176 0.05750000
393.355 0.16000000
394.557 0.07250000
395.021 0.01000000
395.268 0.02000000
396.49 0.03000000
397.844 0.03750000
397.942 0.03250000
398.486 0.03750000
399.598 0.01500000
402.216 0.04500000
402.383 0.02750000
403.921 0.01083333
405.14 0.08500000
405.405 0.04250000
406.446 0.02500000
406.761 0.01416667
406.837 0.02500000
407.3 0.01000000
407.673 0.02250000
408.06 0.11000000
408.543 0.01750000
409.779 0.04500000
410.174 0.02250000
411.274 0.08250000
414.416 0.13500000
414.574 0.10500000
414.677 0.07000000
416.751 0.12000000
419.758 0.08000000
419.888 0.04500000
419.99 0.25000000
420.602 0.07500000
421.206 0.09750000
421.444 0.08250000
421.727 0.08750000
422.068 0.05250000
423.031 0.05500000
424.105 0.09500000
424.306 0.09500000
424.673 0.02000000
425.899 0.01500000
428.433 0.06500000
429.328 0.05750000
429.479 0.07750000
429.593 0.08000000
429.771 0.25000000
430.76 0.16666667
431.843 0.03250000
431.987 0.08000000
434.207 0.06500000
434.97 0.02250000
435.413 0.02750000
436.121 0.05250000
437.221 0.13250000
438.539 0.13000000
438.565 0.13000000
439.044 0.15500000
441.003 0.33333333
442.146 0.06000000
442.846 0.12250000
443.976 0.16500000
444.934 0.16666667
446.004 0.16666667
447.393 0.09250000
448.045 0.05750000
449.814 0.16666667
451.01 0.04250000
451.689 0.16666667
451.782 0.10250000
452.095 0.03250000
454.733 0.02500000
454.785 0.02000000
455.451 1.00000000
455.998 0.02750000
458.444 0.25000000
459.11 0.10250000
459.252 0.16250000
459.908 0.08000000
463.569 0.11500000
464.509 0.15500000
464.761 0.16666667
465.432 0.16000000
468.179 0.09000000
468.402 0.08750000
469.011 0.02000000
470.948 0.25000000
473.133 0.05750000
473.352 0.03750000
475.784 0.09750000
481.552 0.11500000
484.456 0.01583333
486.915 0.07000000
489.56 0.02000000
490.305 0.16250000
490.789 0.06750000
492.107 0.10250000
493.843 0.08000000
496.89 0.09000000
498.035 0.06250000
499.274 0.05500000
501.123 0.10750000
501.495 0.08750000
502.618 0.03000000
502.816 0.02500000
504.035 0.01500000
504.074 0.02250000
504.731 0.02000000
505.733 0.07750000
506.264 0.01416667
507.297 0.05500000
507.632 0.07500000
509.383 0.03000000
510.707 0.14000000
512.373 0.01000000
512.726 0.03000000
513.389 0.02000000
513.655 0.16500000
514.276 0.03000000
514.724 0.07000000
515.107 0.04500000
515.32 0.00833333
515.514 0.14000000
516.0 0.01333333
517.103 0.15250000
519.502 0.03250000
519.987 0.01000000
520.212 0.00833333
521.344 0.00750000
522.355 0.08000000
524.238 0.03000000
525.167 0.04000000
525.707 0.03750000
526.647 0.01666667
526.683 0.02000000
528.082 0.00583333
528.408 0.03750000
529.116 0.00916667
530.486 0.03250000
530.927 0.06250000
531.533 0.00500000
533.293 0.01083333
533.472 0.01666667
533.593 0.02750000
536.179 0.05500000
537.784 0.02500000
538.588 0.03000000
540.105 0.05500000
540.139 0.00833333
541.886 0.01000000
542.759 0.02000000
543.922 0.01000000
545.271 0.00250000
545.482 0.03250000
545.613 0.01166667
547.519 0.00250000
547.942 0.02250000
548.03 0.01416667
548.432 0.04250000
548.464 0.00750000
549.669 0.00750000
550.102 0.00250000
551.071 0.02000000
551.237 0.00111667
551.786 0.00040000
552.178 0.00068333
553.099 0.00156667
554.066 0.00666667
555.652 0.00416667
555.975 0.02500000
556.903 0.00583333
557.841 0.02250000
560.314 0.01000000
560.355 0.00416667
560.673 0.00416667
562.979 0.00250000
563.624 0.04000000
564.166 0.00333333
564.956 0.00500000
565.33 0.00250000
566.52 0.00583333
567.963 0.00666667
569.905 0.05500000
572.482 0.01000000
572.573 0.01166667
574.599 0.00833333
574.747 0.01083333
575.202 0.00833333
575.683 0.00583333
576.792 0.00583333
580.439 0.00750000
581.498 0.02750000
582.806 0.00583333
591.934 0.02750000
592.145 0.03500000
592.687 0.01333333
593.238 0.02250000
593.665 0.00833333
595.115 0.06000000
597.338 0.04250000
597.417 0.02000000
598.867 0.02500000
599.365 0.03250000
611.677 0.05500000
619.942 0.01333333
622.52 0.06000000
628.449 0.00666667
629.522 0.01583333
633.062 0.06000000
633.612 0.01416667
636.341 0.01250000
637.645 0.03000000
639.023 0.03500000
641.757 0.06500000
644.484 0.05750000
652.873 0.10000000
656.045 0.04750000
659.374 0.07000000
661.82 0.12250000
666.314 0.09750000
669.0 0.09500000
670.752 0.00416667
673.045 0.06250000
675.654 0.02000000
676.695 0.05750000
677.502 0.06750000
678.723 0.02750000
681.351 0.00583333
682.388 0.00088333
682.417 0.11500000
683.152 0.00333333
691.148 0.05250000
692.323 0.15750000
698.201 0.08500000