380.964 0.05050505
381.159 0.00242424
381.174 0.05050505
381.504 0.03030303
381.986 0.03030303
383.093 0.02020202
383.138 0.02020202
383.182 0.03030303
383.206 0.00242424
383.474 0.00242424
383.771 0.03030303
383.828 0.03030303
383.914 0.00242424
383.916 0.02000000
384.07 0.00242424
384.285 0.03030303
384.521 0.00484848
384.679 0.00195960
385.091 0.01919192
385.236 0.00242424
385.308 0.01898990
385.724 0.00242424
385.923 0.03030303
385.933 0.00222222
386.011 0.01838384
386.061 0.03030303
386.233 0.02020202
386.262 0.00262626
388.31 0.00202020
388.762 0.00202020
389.229 0.07070707
389.9 0.00193939
389.903 0.01252525
389.925 0.03030303
390.199 0.04040404
390.32 0.00189899
390.441 0.00187879
390.695 0.04040404
391.041 0.01919192
391.131 0.03030303
391.818 0.02020202
392.029 0.01191919
392.262 0.02020202
392.346 0.33333333
392.405 0.02020202
392.854 0.03030303
393.151 0.03030303
393.192 0.02020202
393.229 0.01636364
393.327 0.13131313
393.57 0.03030303
393.948 0.03030303
394.695 0.00767677
395.04 0.01919192
395.5 0.00145455
395.774 0.00143434
396.152 0.01393939
396.161 0.00139394
396.2 0.00137374
396.249 0.00135354
396.311 0.01393939
396.447 0.00137374
396.48 0.00137374
396.92 0.00143434
397.021 0.01313131
397.067 0.00666667
397.1 0.00133333
397.983 0.04040404
398.372 0.03030303
398.592 0.03030303
399.091 0.05050505
399.153 0.02020202
399.216 0.02020202
399.25 0.00119192
399.35 0.06060606
399.387 0.00117172
399.598 0.00117172
399.792 0.00929293
399.876 0.07070707
400.0 0.00115152
400.387 0.00909091
400.777 0.00565657
400.936 0.00343434
401.18 0.00113131
402.5 0.00111111
402.7 0.00109091
402.8 0.00109091
402.875 0.21212121
403.207 0.00109091
403.225 0.00109091
403.278 0.04040404
403.284 0.13131313
403.401 0.00868687
403.67 0.00107071
404.469 0.00107071
404.819 0.00105051
405.008 0.01050505
405.386 0.00105051
405.868 0.01393939
406.0 0.00105051
406.2 0.00107071
406.386 0.00107071
406.44 0.03030303
406.86 0.00111111
407.635 0.00113131
407.635 0.00113131
408.779 0.00626263
409.117 0.01535354
409.251 0.00111111
409.914 0.01292929
412.529 0.00606061
414.226 0.13131313
414.3 0.00088889
414.507 0.21212121
414.691 0.03030303
414.8 0.00088889
414.92 0.00088889
415.037 0.00105051
415.26 0.05050505
415.306 0.54545455
415.51 0.00088889
415.626 0.00088889
415.77 0.00888889
416.093 0.00088889
416.228 0.07070707
416.231 0.01616162
416.266 0.54545455
416.51 0.00909091
416.837 0.05050505
417.081 0.00092929
417.4 0.05050505
417.427 0.14141414
417.719 0.00096970
418.07 0.00145455
418.1 0.00098990
418.592 0.01515152
418.959 0.00103030
418.968 0.27272727
419.189 0.00105051
419.19 0.00105051
419.349 0.01595960
419.89 0.18181818
420.083 0.08080808
421.352 0.03030303
421.718 0.07070707
421.729 0.04040404
421.9 0.00242424
422.91 0.00343434
423.095 0.13131313
424.987 0.01797980
425.347 0.16161616
425.501 0.03030303
425.738 0.20202020
425.915 0.10101010
426.046 0.08080808
426.776 0.42424242
426.972 0.21212121
427.85 0.21212121
428.11 0.00727273
428.26 0.21212121
428.489 0.18181818
429.143 0.03030303
429.41 0.00666667
429.44 0.54545455
430.05 0.00666667
430.13 0.00666667
431.865 0.21212121
433.264 0.07070707
433.383 0.01212121
434.023 0.06060606
434.281 0.05050505
435.3 0.00585859
435.452 0.08080808
435.687 0.06060606
435.91 0.00626263
436.148 0.10101010
436.2 0.00646465
436.256 0.05050505
436.468 0.07070707
436.706 0.07070707
436.993 0.02020202
437.854 0.09090909
438.08 0.00747475
438.353 0.07070707
439.1 0.00787879
439.182 0.24242424
439.544 0.00767677
439.893 0.00686869
439.95 0.00767677
440.0 0.00767677
440.07 0.00747475
440.284 0.02020202
440.45 0.00727273
440.473 0.07070707
441.131 0.02020202
441.537 0.00646465
441.641 0.01979798
441.689 0.00666667
441.878 0.07070707
441.93 0.00646465
442.74 0.00585859
442.77 0.00585859
442.86 0.00585859
443.101 0.11111111
443.237 0.27272727
443.33 0.00565657
443.766 0.10101010
443.983 0.11111111
444.633 0.07070707
444.782 0.03030303
444.964 0.00848485
445.071 0.09090909
445.639 0.16161616
445.65 0.00464646
446.358 0.90909091
446.443 0.45454545
446.57 0.00464646
446.772 0.04040404
446.99 0.04040404
447.16 0.00444444
447.842 0.03030303
448.248 0.04040404
448.25 0.03030303
448.343 0.45454545
448.51 0.00444444
448.544 0.08080808
448.664 0.16161616
449.227 0.07070707
449.34 0.00464646
449.43 0.00464646
449.585 0.05050505
449.785 0.02020202
449.922 0.04040404
450.731 0.00484848
450.871 0.07070707
450.918 0.08080808
451.03 0.00484848
451.89 0.00808081
452.23 0.00464646
452.472 0.09090909
452.495 0.69696970
452.788 0.05050505
452.86 0.00464646
453.0 0.00444444
453.033 0.04040404
453.2 0.00444444
453.335 0.09090909
453.66 0.00444444
453.77 0.00444444
453.83 0.00444444
454.25 0.00444444
454.95 0.00444444
454.957 0.36363636
455.241 0.87878788
455.398 0.00868687
455.542 0.00444444
456.188 0.11111111
456.33 0.00464646
456.72 0.00464646
457.035 0.04040404
457.7 0.00505051
457.99 0.00505051
458.78 0.00484848
458.8 0.00484848
458.89 0.00484848
458.926 0.10101010
459.077 0.08080808
459.112 0.17171717
459.28 0.00464646
459.46 0.00464646
459.508 0.06060606
459.55 0.00464646
459.801 0.09090909
459.9 0.00444444
460.293 0.00868687
461.344 0.07070707
462.412 0.07070707
462.528 0.00323232
462.606 0.00323232
462.927 0.00323232
462.98 0.00323232
463.005 0.00323232
463.172 0.00323232
463.29 0.00323232
463.52 0.00323232
464.08 0.00323232
464.817 0.11111111
464.921 0.00303030
465.43 0.00303030
465.44 0.00303030
465.678 0.24242424
465.88 0.00303030
465.917 0.09090909
466.858 0.15151515
467.35 0.00282828
467.762 0.06060606
468.005 0.00606061
468.129 0.01252525
468.3 0.00242424
469.2 0.00202020
469.413 0.10101010
469.416 0.01252525
469.545 0.06060606
469.625 0.03030303
470.022 0.00929293
470.28 0.00177778
471.242 0.00121212
471.47 0.00113131
471.627 0.66666667
472.13 0.00105051
472.944 0.01010101
473.07 0.01151515
473.6 0.00153535
474.239 0.03030303
474.79 0.00202020
475.398 0.03030303
475.509 0.07070707
476.337 0.04040404
476.445 0.03030303
477.909 0.05050505
479.201 0.08080808
479.347 0.00202020
480.272 0.03030303
480.412 0.03030303
480.433 0.00165657
480.5 0.00161616
481.555 0.96969697
481.958 0.03030303
482.15 0.00113131
482.22 0.00113131
482.23 0.00113131
482.407 0.05050505
482.677 0.00363636
483.0 0.00125253
483.585 0.01212121
484.77 0.00242424
484.898 0.02020202
484.96 0.00242424
485.0 0.00242424
486.17 0.00282828
487.16 0.00323232
488.08 0.00343434
488.367 0.05050505
488.565 0.11111111
489.25 0.00404040
489.911 0.00444444
490.051 0.09090909
490.127 0.09090909
490.244 0.07070707
490.546 0.05050505
490.67 0.00484848
490.686 0.03030303
490.72 0.00484848
491.17 0.00484848
491.39 0.00505051
491.6 0.00505051
491.67 0.00505051
491.721 0.15151515
492.412 0.30303030
492.535 0.51515152
493.11 0.00525253
493.84 0.00525253
493.905 0.04040404
494.247 0.12121212
494.5 0.00545455
495.219 0.07070707
495.4 0.00545455
495.57 0.00565657
497.48 0.00626263
499.197 0.16161616
499.21 0.00666667
499.35 1.00000000
499.46 0.00666667
499.819 0.00686869
500.0 0.00707071
500.2 0.00727273
500.673 0.12121212
500.956 0.02020202
501.161 0.13131313
501.24 0.00828283
501.407 0.03030303
501.94 0.00949495
502.722 0.18181818
502.92 0.01111111
502.99 0.01111111
503.245 0.09090909
503.357 0.01171717
503.938 0.13131313
504.49 0.01313131
504.674 0.06060606
504.729 0.19191919
507.309 0.08080808
507.9 0.01313131
508.88 0.01474747
509.399 0.05050505
510.334 0.27272727
510.42 0.01676768
512.613 0.14141414
514.234 0.27272727
515.17 0.01636364
516.008 0.18181818
517.74 0.01252525
519.884 0.12121212
520.102 0.11111111
520.139 0.11111111
521.227 0.01030303
521.262 0.21212121
521.932 0.18181818
522.63 0.00929293
523.056 0.00909091
524.989 0.00828283
525.384 0.00828283
527.1 0.00747475
527.81 0.01515152
527.87 0.04040404
527.899 0.11111111
528.1 0.00767677
529.57 0.00787879
530.0 0.00787879
532.073 0.30303030
532.22 0.11111111
532.709 0.00888889
533.0 0.00909091
533.116 0.00909091
533.45 0.00909091
534.3 0.00888889
534.572 0.21212121
534.608 0.00888889
535.412 0.00848485
535.42 0.00848485
536.27 0.16161616
536.962 0.01555556
537.258 0.01515152
537.583 0.01454545
538.102 0.05050505
538.5 0.00565657
539.49 0.00363636
539.6 0.00343434
539.99 0.00282828
540.071 0.08080808
540.7 0.00197980
542.11 0.00084848
542.867 0.13131313
543.281 0.24242424
543.6 0.00036364
544.122 0.00028283
544.441 0.00034343
544.982 0.00030303
545.383 0.16161616
546.27 0.00022222
546.722 0.00024242
547.362 0.24242424
547.501 0.00484848
547.819 0.00282828
547.931 0.00424242
548.825 0.01111111
549.55 0.00074747
549.775 0.02020202
549.818 0.00686869
550.154 0.01494949
550.701 0.03030303
550.899 0.00133333
550.972 0.03030303
551.873 0.02020202
551.893 0.00147475
552.04 0.02020202
552.599 0.00153535
552.625 0.02020202
552.632 0.00153535
552.8 0.00151515
553.1 0.00147475
553.5 0.00145455
553.672 0.01373737
553.784 0.00143434
554.116 0.00383838
554.66 0.00127273
555.601 0.00525253
555.906 0.00505051
556.498 0.13131313
557.671 0.00626263
557.889 0.04040404
558.04 0.00056566
558.46 0.00050505
558.463 0.00050505
558.89 0.00044444
560.524 0.00052525
560.615 0.21212121
560.869 0.00048485
561.439 0.00076768
561.664 0.00121212
561.866 0.00024242
563.997 0.10101010
564.0 0.00020000
564.033 0.10101010
564.376 0.00133333
564.567 0.00202020
564.703 0.00606061
564.835 0.00505051
565.433 0.00022222
565.998 0.14141414
566.478 0.00404040
567.625 0.00066667
569.081 0.00074747
569.663 0.00808081
569.8 0.00109091
569.9 0.00115152
570.024 0.03030303
570.31 0.00143434
570.312 0.00145455
570.611 0.09090909
571.29 0.00282828
572.438 0.00505051
572.468 0.00525253
572.518 0.00525253
572.557 0.00525253
572.586 0.00545455
572.638 0.00545455
573.053 0.09090909
575.5 0.00868687
576.95 0.01191919
579.75 0.06060606
581.927 0.06060606
581.97 0.00626263
582.052 0.00626263
582.093 0.00626263
582.099 0.00626263
582.222 0.00626263
582.28 0.00626263
583.81 0.00606061
584.7 0.00606061
585.91 0.00585859
586.036 0.00585859
587.963 0.00808081
588.349 0.00787879
588.534 0.00464646
588.975 0.02020202
589.094 0.03030303
589.434 0.00404040
589.519 0.00404040
589.56 0.00404040
589.591 0.02020202
590.831 0.03030303
591.151 0.00424242
591.279 0.03030303
592.728 0.03030303
592.79 0.00525253
593.296 0.03030303
594.073 0.05050505
595.152 0.09090909
595.819 0.00626263
595.911 0.00949495
595.948 0.00626263
596.03 0.00626263
596.119 0.00969697
599.616 0.14141414
600.0 0.00565657
601.576 0.00444444
603.9 0.00343434
604.193 0.05050505
604.597 0.00343434
604.604 0.14141414
605.253 0.00343434
605.259 0.00343434
605.266 0.45454545
605.8 0.00363636
606.672 0.00363636
608.084 0.04040404
608.184 0.00444444
608.273 0.00464646
608.3 0.00464646
608.318 0.00464646
609.212 0.08080808
609.712 0.06060606
610.228 0.27272727
611.011 0.00565657
611.799 0.01070707
612.338 0.06060606
613.894 0.11111111
613.9 0.27272727
614.065 0.04040404
614.2 0.00505051
614.4 0.00505051
616.184 0.02020202
616.3 0.00464646
617.277 0.02020202
617.361 0.17171717
617.369 0.00424242
617.415 0.00424242
617.497 0.12121212
617.582 0.16161616
621.339 0.00151515
623.23 0.00094949
623.4 0.00088889
624.067 0.00060606
625.312 0.00105051
626.4 0.00019394
627.431 0.00444444
627.786 0.00014141
628.6 0.00013939
628.635 0.04040404
628.696 0.14141414
629.086 0.00177778
629.521 0.00181818
630.4 0.00017172
630.548 0.17171717
631.206 0.00016162
631.266 0.16161616
632.18 0.00015960
634.12 0.00022222
635.5 0.00032323
636.0 0.00036364
636.041 0.00036364
636.3 0.00038384
636.934 0.02020202
638.489 0.24242424
638.648 0.00404040
638.901 0.00072727
639.1 0.00064646
639.517 0.00787879
639.526 0.01252525
639.608 0.00123232
639.664 0.00707071
639.736 0.13131313
639.799 0.13131313
640.358 0.00078788
640.813 0.00242424
641.371 0.30303030
641.55 0.00565657
641.555 0.00056566
641.71 0.00052525
641.888 0.00323232
642.6 0.00030303
643.515 0.00048485
644.944 0.00046465
645.47 0.00060606
645.539 0.04040404
646.0 0.00084848
647.87 0.00189899
649.57 0.00262626
652.143 0.04040404
652.5 0.00282828
653.35 0.00303030
653.561 0.02020202
653.641 0.14141414
653.667 0.05050505
653.713 0.00323232
653.796 0.01171717
653.857 0.19191919
654.63 0.00363636
655.195 0.00747475
655.213 0.00767677
659.49 0.00747475
660.3 0.00787879
663.509 0.09090909
663.7 0.00808081
664.106 0.05050505
668.183 0.14141414
670.02 0.00303030
671.577 0.07070707
671.644 0.00222222
671.673 0.00222222
672.192 0.00222222
672.3 0.00222222
672.876 0.00505051
673.082 0.00202020
673.082 0.00202020
673.15 0.00202020
673.26 0.00202020
673.282 0.03030303
674.358 0.10101010
674.858 0.00202020
674.879 0.16161616
675.675 0.00202020
675.696 0.00202020
675.716 0.30303030
677.672 0.07070707
680.389 0.00505051
680.82 0.00092929
684.821 0.00363636
685.27 0.00185859
685.39 0.00187879
685.464 0.03030303
686.1 0.00193939
687.973 0.02020202
688.456 0.03030303
690.44 0.00185859
692.06 0.00169697
693.0 0.00159596
694.4 0.00145455
695.13 0.00137374
695.793 0.03030303
696.203 0.01555556
696.37 0.00123232
697.0 0.00117172
697.33 0.00113131
697.82 0.00109091
698.14 0.05050505
699.0 0.00096970
699.279 0.01414141
699.32 0.00092929
699.399 0.00185859
699.458 0.03030303
699.94 0.00090909