403.354 0.11400000
413.363 0.03300000
414.054 0.14100000
419.517 0.50000000
421.907 0.30000000
426.509 0.15900000
431.432 0.09600000
434.483 0.20000000
435.216 0.30000000
441.142 0.30000000
444.648 0.50000000
450.692 0.40000000
451.45 0.30000000
459.189 0.13500000
459.69 0.40000000
459.909 0.20000000
460.477 0.17700000
464.732 0.30000000
467.574 0.09000000
469.291 0.02400000
471.126 0.70000000
473.544 0.16800000
475.781 0.07200000
476.536 0.30000000
476.691 0.17400000
478.403 0.50000000
480.201 0.30000000
483.282 0.06600000
487.724 0.40000000
494.74 0.20000000
504.456 0.80000000
516.632 0.30000000
517.655 0.60000000
523.894 0.30000000
524.771 0.00054000
535.424 0.30000000
546.408 0.20000000
549.023 0.00700000
555.601 0.00500000
556.813 0.40000000
560.207 0.04500000
563.194 0.17100000
563.975 0.40000000
569.08 0.00082000
571.73 0.00134000
573.034 0.10200000
584.55 0.20000000
589.509 0.70000000
600.521 0.90000000
605.341 0.09900000
607.98 0.30000000
613.004 1.00000000
613.004 0.03900000
615.494 0.30000000
624.67 0.00400000
628.76 0.09000000
630.276 0.19200000
661.138 0.06000000
664.744 0.60000000
668.801 0.30000000
680.667 0.14700000