380.853 0.00100000
381.173 0.00350000
381.229 0.00350000
381.505 0.00100000
381.782 0.00350000
381.919 0.00200000
381.937 0.00200000
382.24 0.00200000
382.249 0.00200000
382.493 0.00100000
382.536 0.00350000
382.662 0.00550000
382.731 0.00350000
383.308 0.00850000
383.337 0.00350000
383.44 0.00350000
383.642 0.00650000
383.652 0.02100000
383.727 0.00550000
384.305 0.02100000
384.487 0.01200000
384.541 0.00850000
384.669 0.00700000
384.808 0.00800000
385.142 0.00086000
385.181 0.00600000
385.408 0.00950000
385.506 0.00200000
385.738 0.00086000
385.81 0.00900000
385.937 0.00900000
385.959 0.02250000
385.991 0.00750000
386.231 0.00550000
386.372 0.01050000
386.425 0.00086000
386.527 0.00700000
386.964 0.00500000
387.104 0.00150000
387.188 0.00650000
387.416 0.00650000
387.433 0.00800000
387.572 0.00600000
387.825 0.00150000
387.83 0.00150000
387.833 0.00086000
387.974 0.00750000
388.379 0.00300000
388.402 0.00700000
388.422 0.00450000
388.543 0.00400000
388.654 0.00700000
388.743 0.00086000
389.011 0.00250000
389.014 0.00250000
389.087 0.00150000
389.48 0.00100000
389.497 0.00150000
389.897 0.00250000
389.969 0.00100000
390.02 0.00450000
390.205 0.00086000
390.466 0.00500000
390.643 0.00400000
390.748 0.10000000
391.181 0.15000000
391.495 0.00400000
391.82 0.00250000
392.309 0.00200000
392.348 0.00450000
392.416 0.00071000
392.769 0.00200000
392.783 0.00150000
392.919 0.00086000
393.015 0.00300000
393.201 0.00300000
393.259 0.00300000
393.338 0.05100000
393.489 0.00200000
393.684 0.00086000
393.859 0.00150000
393.901 0.00071000
393.931 0.00071000
393.949 0.00071000
394.097 0.00200000
394.139 0.00150000
394.206 0.00070000
394.334 0.00086000
394.366 0.00150000
394.539 0.00086000
394.617 0.00350000
394.999 0.00200000
395.127 0.00086000
395.227 0.00250000
395.338 0.00086000
395.701 0.00450000
395.776 0.00066000
395.81 0.00086000
396.569 0.00200000
396.819 0.00200000
397.046 0.00086000
397.056 0.00066000
397.378 0.00086000
397.408 0.00150000
397.522 0.00200000
397.815 0.00350000
398.783 0.00350000
398.906 0.00250000
399.381 0.00150000
399.551 0.00250000
399.66 0.03450000
399.799 0.00088000
400.705 0.00200000
400.784 0.00400000
400.842 0.00400000
400.861 0.00400000
401.448 0.01800000
401.776 0.00450000
402.039 0.04500000
402.322 0.05400000
402.368 0.09000000
403.062 0.00900000
403.138 0.00900000
403.196 0.00450000
403.288 0.00150000
403.421 0.00750000
403.436 0.00650000
403.686 0.00750000
403.916 0.00500000
404.051 0.01050000
404.266 0.00091000
404.38 0.01050000
404.626 0.00091000
404.648 0.00900000
404.78 0.02250000
404.994 0.00750000
405.072 0.00150000
405.183 0.00300000
405.26 0.00600000
405.454 0.00900000
405.659 0.00450000
406.01 0.00450000
406.121 0.09450000
406.189 0.00350000
406.263 0.00350000
406.7 0.00300000
406.726 0.00350000
406.763 0.00450000
406.866 0.15000000
406.87 0.00093000
407.28 0.00093000
407.496 0.00950000
407.511 0.00300000
407.856 0.00950000
408.057 0.00800000
408.239 0.02400000
408.503 0.00200000
408.602 0.00300000
408.666 0.00950000
408.715 0.00950000
408.747 0.00750000
409.312 0.00850000
409.486 0.00900000
409.684 0.00300000
409.836 0.00750000
410.031 0.00650000
410.052 0.00750000
410.283 0.00150000
410.469 0.00150000
410.738 0.00200000
410.745 0.00200000
412.655 0.00650000
413.004 0.00800000
413.298 0.03300000
413.674 0.00600000
413.679 0.00600000
414.027 0.05400000
414.627 0.00800000
414.738 0.02100000
415.136 0.00950000
415.234 0.07650000
415.474 0.02400000
415.574 0.01200000
415.697 0.04050000
415.836 0.05850000
416.17 0.08250000
416.185 0.15000000
416.519 0.15000000
417.011 0.03750000
417.153 0.02850000
417.747 0.05700000
417.756 0.02250000
417.892 0.03450000
417.972 0.01200000
418.43 0.00900000
418.473 0.02250000
418.642 0.05400000
418.699 0.01050000
418.76 0.05250000
419.064 0.04050000
419.353 0.04800000
419.368 0.00950000
419.51 0.01800000
419.573 0.01800000
419.645 0.00900000
419.947 0.03450000
420.452 0.02550000
420.52 0.06150000
420.678 0.02250000
420.988 0.02550000
421.092 0.00600000
421.232 0.01500000
421.248 0.02100000
421.608 0.01350000
421.823 0.01650000
421.84 0.01500000
421.97 0.03150000
422.138 0.00550000
422.146 0.00550000
422.185 0.03750000
422.42 0.00500000
422.485 0.00950000
422.49 0.00500000
422.554 0.01350000
422.569 0.02400000
422.578 0.02850000
422.746 0.00900000
422.937 0.02400000
422.938 0.00250000
423.164 0.01350000
423.192 0.02400000
423.242 0.00400000
423.359 0.02100000
423.528 0.01500000
423.78 0.01950000
423.805 0.01950000
423.955 0.00700000
424.614 0.00450000
424.682 0.55000000
424.69 0.00100000
425.269 0.00150000
425.729 0.00300000
425.965 0.00600000
426.03 0.00300000
426.131 0.00800000
426.362 0.00200000
426.791 0.00450000
426.89 0.00500000
427.04 0.00550000
427.077 0.01050000
427.421 0.00750000
427.492 0.00400000
427.993 0.02100000
428.204 0.01800000
428.323 0.01350000
428.355 0.01050000
428.372 0.00900000
428.427 0.00450000
428.582 0.00450000
428.655 0.01200000
429.476 0.10000000
430.571 0.15000000
430.864 0.03750000
430.93 0.02400000
430.947 0.50000000
430.947 0.02400000
431.408 0.75000000
432.074 0.30000000
432.237 0.08700000
432.5 0.50000000
432.925 0.02850000
432.94 0.02700000
433.173 0.07800000
433.827 0.03150000
433.868 0.00350000
434.062 0.01050000
434.852 0.03900000
435.213 0.02400000
435.43 0.00200000
435.434 0.00700000
435.46 0.10000000
435.685 0.00550000
435.746 0.01500000
435.865 0.01650000
435.908 0.01950000
435.965 0.02100000
436.492 0.03300000
437.446 0.60000000
437.517 0.01800000
437.531 0.03000000
437.629 0.02100000
438.124 0.04050000
438.481 0.07650000
438.67 0.00300000
438.959 0.03450000
439.17 0.01350000
439.34 0.00450000
439.47 0.00800000
439.594 0.01500000
439.812 0.01950000
440.039 0.50000000
440.443 0.01500000
441.38 0.02850000
441.554 1.00000000
441.849 0.02550000
442.066 0.25000000
442.528 0.03900000
442.889 0.04800000
443.052 0.04050000
443.136 0.30000000
443.328 0.00550000
449.621 0.10000000
450.395 0.01800000
451.137 0.06150000
451.583 0.05700000
451.983 0.02700000
452.085 0.03900000
452.192 0.03900000
452.381 0.03750000
452.994 0.09150000
453.03 0.01350000
453.04 0.01350000
453.169 0.03900000
453.239 0.03900000
454.255 0.03900000
454.298 0.06600000
454.47 0.06600000
455.266 0.04200000
455.319 0.15000000
455.722 0.10000000
455.78 0.04350000
455.984 0.03300000
456.271 0.06300000
456.828 0.07200000
457.168 0.06450000
457.398 0.05400000
457.666 0.04800000
457.878 0.03000000
457.896 0.07650000
458.203 0.05700000
458.502 0.05100000
459.048 0.03900000
459.293 0.02700000
459.442 0.06450000
459.451 0.03150000
459.469 0.03150000
459.568 0.03000000
459.815 0.01950000
459.846 0.01800000
460.15 0.06150000
460.391 0.02550000
460.472 0.02550000
460.953 0.07350000
460.995 0.07350000
461.041 0.03750000
461.237 0.04200000
461.263 0.05250000
461.379 0.03300000
461.411 0.04350000
461.473 0.03300000
461.982 0.01800000
462.03 0.04500000
462.092 0.03450000
462.812 0.01800000
462.919 0.00850000
463.455 0.00350000
463.698 0.01200000
463.781 0.00250000
463.943 0.00950000
463.944 0.00650000
463.984 0.00950000
463.996 0.02550000
464.048 0.00950000
464.208 0.00650000
464.815 0.00300000
465.148 0.00900000
465.242 0.00300000
465.45 0.00900000
465.517 0.00300000
465.554 0.00900000
466.239 0.00500000
466.425 0.00700000
466.581 0.01200000
466.869 0.00650000
467.041 0.45000000
467.312 0.00150000
467.34 0.00800000
468.043 0.00800000
469.828 0.02850000
470.694 0.01800000
470.931 0.02850000
471.172 0.01200000
471.385 0.01800000
471.43 0.01500000
471.624 0.01350000
471.702 0.01800000
471.883 0.01350000
471.931 0.02700000
472.081 0.01200000
472.877 0.10000000
472.921 0.25000000
473.208 0.01050000
473.229 0.02400000
473.411 0.25000000
473.508 0.02400000
473.765 0.25000000
473.92 0.00250000
474.095 0.02550000
474.102 0.25000000
474.382 0.20000000
474.61 0.01050000
474.896 0.00600000
475.316 0.15000000
475.893 0.00900000
476.307 0.00850000
477.145 0.00550000
477.31 0.00150000
477.935 0.07350000
478.087 0.01800000
478.432 0.00450000
478.663 0.00150000
478.958 0.02850000
479.152 0.02850000
479.292 0.00800000
480.303 0.06000000
481.249 0.01050000
481.561 0.03000000
482.011 0.00300000
482.063 0.00300000
482.223 0.00850000
482.728 0.01200000
483.272 0.01650000
483.366 0.01800000
483.943 0.02850000
483.979 0.04350000
484.046 0.00650000
484.086 0.01000000
484.767 0.03750000
485.207 0.01650000
485.268 0.02850000
485.681 0.05100000
485.862 0.00900000
485.915 0.03450000
486.46 0.01200000
486.481 0.03600000
486.969 0.01050000
487.298 0.05850000
487.527 0.03300000
487.813 0.02550000
487.834 0.03600000
488.076 0.03000000
488.337 0.02100000
488.363 0.02700000
489.037 0.01500000
489.255 0.00500000
489.298 0.01950000
489.607 0.01200000
490.163 0.01050000
490.666 0.00800000
490.975 0.02550000
492.263 0.00550000
492.284 0.02100000
492.329 0.00400000
493.426 0.03900000
493.572 0.02550000
493.594 0.02100000
494.089 0.01350000
494.131 0.02850000
494.407 0.00650000
495.019 0.05100000
495.167 0.01050000
495.406 0.05250000
497.367 0.02100000
497.422 0.00350000
498.036 0.01950000
498.341 0.00200000
498.343 0.01200000
498.779 0.00150000
499.015 0.00150000
499.19 0.01350000
499.289 0.06900000
499.5 0.00350000
499.736 0.00800000
500.51 0.02250000
500.68 0.00150000
501.678 0.00250000
501.749 0.00250000
501.841 0.00650000
502.013 0.00400000
502.055 0.00500000
502.085 0.00350000
502.152 0.01050000
502.661 0.00600000
502.667 0.00400000
502.832 0.00150000
503.025 0.00800000
503.101 0.25000000
503.209 0.15000000
503.271 0.01050000
503.392 0.01050000
503.703 0.00900000
503.718 0.01950000
504.016 0.00450000
504.283 0.00150000
504.445 0.00700000
504.608 0.00500000
505.308 0.00750000
505.398 0.00800000
505.425 0.00500000
505.449 0.00500000
505.678 0.00550000
505.714 0.00800000
506.192 0.00250000
506.431 0.02100000
506.638 0.01050000
506.864 0.00300000
506.885 0.00550000
507.017 0.01800000
507.026 0.02700000
507.271 0.01050000
507.582 0.01650000
508.022 0.01050000
508.108 0.01000000
508.156 0.15000000
508.372 0.15000000
508.555 0.10000000
508.669 0.00950000
508.69 0.08100000
508.712 0.05400000
508.783 0.01000000
508.993 0.01950000
509.246 0.01200000
509.35 0.00500000
509.365 0.00750000
509.623 0.00500000
509.672 0.01500000
509.741 0.00250000
509.919 0.15000000
509.927 0.01050000
510.112 0.01650000
510.564 0.00550000
510.737 0.01050000
510.907 0.01350000
511.286 0.01500000
511.665 0.01500000
511.675 0.01500000
511.891 0.00300000
512.173 0.00150000
512.439 0.00900000
513.032 0.00900000
513.157 0.00300000
513.279 0.00300000
514.361 0.04200000
514.707 0.00800000
515.699 0.00300000
518.774 0.03600000
519.379 0.00800000
520.225 0.00750000
521.055 0.05850000
521.137 0.02700000
521.518 0.00600000
521.825 0.00500000
521.887 0.01500000
521.963 0.02400000
522.124 0.00200000
523.981 0.10000000
525.836 0.02250000
528.498 0.00500000
528.577 0.03750000
529.531 0.02400000
530.195 0.00400000
531.468 0.00550000
531.559 0.00500000
531.837 0.01950000
532.307 0.00600000
532.377 0.00450000
532.539 0.00250000
532.575 0.00150000
533.179 0.00550000
533.424 0.00550000
533.943 0.00550000
534.098 0.00150000
534.107 0.00700000
534.143 0.00650000
534.208 0.00900000
534.299 0.00700000
534.934 0.04350000
534.971 0.00850000
535.028 0.00450000
535.579 0.01050000
535.61 0.05700000
535.72 0.00700000
537.537 0.01650000
538.941 0.00800000
539.091 0.00850000
539.206 0.03900000
539.933 0.00700000
540.274 0.01200000
540.408 0.00800000
541.616 0.00450000
541.641 0.00650000
542.234 0.01350000
542.555 0.00600000
542.942 0.00650000
543.298 0.01200000
543.325 0.01350000
543.373 0.00900000
543.828 0.01000000
543.904 0.01200000
544.073 0.00950000
544.262 0.01000000
544.378 0.00350000
544.62 0.03600000
544.74 0.00700000
544.888 0.01050000
545.137 0.01200000
545.229 0.00250000
545.524 0.00900000
546.495 0.00300000
546.523 0.00400000
546.84 0.00200000
546.872 0.00250000
547.219 0.00800000
547.465 0.00300000
547.771 0.00093000
548.201 0.04500000
548.4 0.00150000
548.463 0.04800000
550.174 0.00900000
551.423 0.06300000
551.496 0.00100000
551.538 0.00300000
551.973 0.00300000
552.05 0.08250000
552.61 0.00400000
552.638 0.00400000
552.678 0.30000000
553.648 0.00300000
553.958 0.00100000
554.107 0.00300000
554.643 0.00300000
554.969 0.00350000
555.042 0.00250000
555.185 0.00350000
555.224 0.00500000
555.36 0.00600000
555.4 0.00300000
555.752 0.00150000
556.113 0.00400000
556.49 0.00750000
557.125 0.00550000
557.976 0.00600000
559.136 0.03150000
559.338 0.01050000
560.42 0.00950000
560.892 0.00300000
561.013 0.00950000
562.004 0.00300000
562.072 0.02700000
562.373 0.00600000
562.404 0.00600000
563.104 0.00900000
563.486 0.00850000
564.1 0.03000000
564.507 0.00200000
564.636 0.00550000
564.757 0.00550000
564.956 0.00650000
565.791 0.03900000
565.836 0.00900000
566.171 0.00300000
566.716 0.00800000
566.875 0.00250000
566.906 0.01650000
567.183 0.35000000
567.752 0.00450000
568.02 0.00250000
568.421 0.01200000
568.683 0.25000000
568.686 0.01050000
569.138 0.00300000
570.015 0.01200000
570.579 0.01350000
570.682 0.01950000
570.861 0.01650000
571.175 0.10000000
571.729 0.02250000
571.844 0.00700000
572.096 0.00700000
572.408 0.01650000
573.523 0.00300000
573.867 0.00150000
573.931 0.00600000
574.137 0.00600000
577.163 0.02850000
580.224 0.00750000
580.677 0.03600000
582.353 0.04050000
589.003 0.06600000
589.456 0.04950000
590.3 0.00950000
590.847 0.09000000
591.907 0.07200000
593.125 0.05550000
594.05 0.02700000
594.265 0.01500000
594.532 0.03000000
595.107 0.01350000
595.214 0.05700000
596.147 0.06150000
596.82 0.07350000
596.848 0.01350000
596.917 0.04050000
597.888 0.01050000
598.351 0.01050000
598.843 0.08700000
598.892 0.01000000
599.285 0.02850000
600.214 0.01050000
601.724 0.01650000
602.165 0.02250000
602.564 0.07350000
602.616 0.06900000
603.428 0.03300000
603.534 0.05100000
604.147 0.01950000
604.889 0.06150000
605.929 0.06450000
606.143 0.04350000
606.843 0.09900000
607.956 0.15000000
608.594 0.07050000
609.378 0.07650000
609.589 0.10000000
610.846 0.10000000
611.082 0.10000000
611.276 0.15000000
612.588 0.15000000
614.62 0.08700000
615.119 0.04050000
617.595 0.02100000
617.82 0.06000000
619.368 0.10000000
619.843 0.15000000
621.066 0.20000000
622.402 0.01050000
623.173 0.02100000
623.557 0.00550000
623.831 0.04650000
623.885 0.01800000
623.941 0.01650000
623.978 0.05850000
624.446 0.00300000
624.564 0.04500000
624.996 0.01350000
625.166 0.00150000
625.17 0.00250000
625.426 0.00250000
625.601 0.20000000
625.897 0.02550000
626.052 0.00500000
626.222 0.01050000
626.992 0.00250000
627.314 0.00450000
627.63 0.01650000
627.974 0.04200000
627.978 0.04800000
628.013 0.00850000
628.337 0.00250000
628.416 0.00850000
628.473 0.01000000
628.807 0.00250000
629.302 0.01500000
629.764 0.00450000
630.075 0.01350000
630.262 0.00950000
630.566 0.10000000
630.603 0.00950000
630.684 0.01050000
630.76 0.15000000
630.952 0.00350000
630.988 0.01650000
630.991 0.03450000
631.675 0.00350000
631.85 0.00650000
632.084 0.02250000
632.204 0.00300000
632.274 0.00600000
632.51 0.00150000
632.721 0.01200000
633.196 0.00300000
633.706 0.01350000
634.203 0.01050000
634.482 0.01350000
634.698 0.02100000
635.9 0.00550000
636.129 0.00300000
636.204 0.05550000
636.226 0.01500000
636.288 0.01050000
637.047 0.09000000
637.61 0.00700000
637.629 0.00700000
637.684 0.01500000
637.882 0.05100000
638.337 0.00800000
639.854 0.02550000
640.4 0.00400000
640.815 0.00900000
641.334 0.09600000
642.03 0.05100000
642.203 0.00850000
642.238 0.02550000
642.534 0.00400000
642.849 0.00800000
642.887 0.00800000
643.396 0.03000000
643.418 0.03000000
643.772 0.02250000
643.834 0.03000000
644.257 0.03000000
644.672 0.02250000
644.808 0.01800000
645.086 0.00750000
645.193 0.00750000
646.152 0.02400000
646.301 0.09450000
646.311 0.01500000
647.15 0.02400000
647.336 0.07050000
647.779 0.09300000
648.498 0.02400000
648.889 0.01650000
648.93 0.00800000
649.536 0.07350000
649.651 0.08100000
650.046 0.09750000
651.614 0.01500000
652.555 0.30000000
653.126 0.00500000
653.676 0.07800000
654.044 0.00650000
654.257 0.01200000
654.788 0.02250000
654.803 0.05250000
655.022 0.06750000
655.537 0.00450000
655.784 0.20000000
655.842 0.00550000
655.868 0.06750000
656.867 0.02250000
656.93 0.04050000
657.173 0.04050000
657.535 0.04050000
657.54 0.00450000
657.582 0.04650000
657.81 0.05850000
658.127 0.06150000
659.721 0.06150000
660.016 0.00800000
660.458 0.01500000
661.045 0.02850000
661.068 0.09300000
661.112 0.01800000
661.809 0.03000000
661.9 0.00900000
662.021 0.20000000
664.283 0.10000000
664.622 0.01800000
664.643 0.07200000
665.39 0.02400000
665.855 0.15000000
665.9 0.02400000
669.922 0.08700000
670.611 0.02400000
671.425 0.04350000
671.461 0.10000000
671.768 0.05700000
671.838 0.09750000
672.176 0.01800000
673.616 0.15000000
673.788 0.07650000
673.945 0.04500000
675.113 0.07950000
676.914 0.04950000
676.983 0.03900000
678.631 0.00800000
679.375 0.04200000
679.437 0.00700000
679.46 0.03450000
679.486 0.05550000
679.726 0.04800000
679.962 0.06600000
680.368 0.08850000
680.461 0.10000000
681.711 0.05700000
681.949 0.10000000
682.378 0.00600000
682.951 0.09900000
683.502 0.20000000
684.221 0.00950000
684.31 0.03150000
685.439 0.02850000
685.653 0.02850000
685.71 0.02850000
687.209 0.02850000
687.425 0.10000000
687.569 0.02850000
687.737 0.15000000
688.102 0.25000000
688.51 0.25000000
694.736 0.01500000
694.912 0.06000000
695.044 0.09000000
696.817 0.10000000
697.278 0.02400000