404.67 1.00000000
407.02 0.52941176
408.32 0.35294118
416.91 0.29411765
417.53 0.23529412
418.09 0.23529412
432.87 0.35294118
433.03 0.35294118
438.29 1.00000000
444.6 0.52941176
444.92 0.76470588
446.76 0.58823529
463.79 0.17647059
473.08 0.58823529
473.9 0.47058824
474.22 0.29411765
484.06 0.64705882
484.5 0.64705882
522.75 0.58823529
530.54 0.41176471
536.55 0.10588235
536.99 0.17647059
537.41 0.11764706
552.24 0.23529412
556.69 0.17647059
586.63 0.03000000
605.6 0.10941176
630.38 0.07764706
632.56 0.11764706
644.42 0.03529412
649.05 0.09000000
653.5 0.07411765
683.13 0.10411765
699.069 0.06176471
699.179 0.04058824