380.67 0.00345000
380.678 0.00345000
383.518 0.00345000
384.246 0.01750000
385.175 0.00355000
385.366 0.28500000
385.602 0.02750000
386.26 0.02500000
386.642 0.00370000
387.49 0.00375000
387.565 0.00375000
390.552 0.09000000
392.447 0.01500000
394.749 0.03250000
395.223 0.00500000
395.307 0.00500000
395.567 0.00500000
395.574 0.05250000
395.651 0.00500000
395.664 0.00500000
396.359 0.00500000
396.367 0.00500000
396.384 0.03500000
397.746 0.06000000
398.118 0.00750000
398.124 0.03000000
399.177 0.01500000
399.801 0.07500000
401.015 0.01000000
401.024 0.01000000
403.075 0.01500000
403.139 0.01500000
403.806 0.03500000
406.47 0.03500000
406.538 0.03500000
407.271 0.03500000
407.545 0.50000000
407.678 0.46500000
408.88 0.03500000
408.885 0.30000000
408.886 0.10500000
410.186 0.11250000
410.242 0.17250000
410.294 0.30750000
411.117 0.02500000
411.133 0.02500000
411.151 0.02500000
411.167 0.02500000
411.55 0.09000000
411.596 0.02500000
411.61 0.05000000
412.15 0.02250000
412.807 0.33000000
413.087 0.01500000
413.089 0.36750000
414.401 0.01250000
414.923 0.01500000
415.303 0.01750000
416.03 0.01750000
416.626 0.01750000
417.008 0.02000000
418.082 0.02750000
418.335 0.27000000
419.072 0.12750000
419.559 0.03250000
419.813 0.09750000
420.066 0.03000000
420.089 0.03000000
420.09 0.03000000
420.697 0.02750000
421.115 0.02250000
421.132 0.02250000
421.168 0.02250000
421.18 0.02250000
421.19 0.02250000
421.21 0.02250000
421.24 0.02250000
421.241 0.13500000
421.944 0.01500000
421.996 0.01500000
422.534 0.01250000
423.845 0.00750000
427.848 0.06000000
428.7 0.06000000
430.194 0.02250000
431.41 0.03500000
432.589 0.01500000
432.818 0.06750000
433.85 0.11250000
434.14 0.21750000
435.685 0.03500000
436.587 0.03500000
437.007 0.03250000
437.041 0.03250000
437.622 0.02750000
437.763 0.18000000
437.99 0.02500000
438.044 0.02500000
438.065 0.02500000
438.105 0.02500000
438.151 0.02500000
438.573 0.02500000
440.373 0.03750000
440.383 0.02250000
440.531 0.02000000
440.535 0.02000000
440.59 0.11250000
440.672 0.14250000
440.677 0.02000000
440.681 0.02000000
441.165 0.01500000
441.65 0.01250000
441.77 0.01250000
442.815 0.01250000
443.019 0.01500000
443.545 0.02000000
445.31 0.12000000
445.588 0.12750000
446.123 0.13500000
446.845 0.11250000
446.9 0.11250000
448.287 0.06750000
448.634 0.06000000
448.844 0.05250000
449.405 0.27750000
455.262 0.38250000
455.4 0.07500000
455.727 0.01000000
456.547 0.01000000
456.782 0.30000000
457.476 0.19500000
457.54 0.01000000
460.258 0.00750000
461.127 0.00335000
461.966 0.01000000
462.142 0.25500000
462.17 0.00440000
462.172 0.38250000
462.862 0.00750000
463.124 0.01750000
463.828 0.01500000
465.432 0.01750000
465.692 0.00450000
466.587 0.01250000
466.714 0.00160000
467.326 0.00330000
467.328 0.00330000
467.33 0.00340000
468.25 0.00365000
468.302 0.01500000
468.38 0.01250000
471.665 0.03500000
472.157 0.00425000
473.052 0.01500000
473.883 0.00415000
474.799 0.00480000
475.528 0.00500000
476.74 0.00750000
477.278 0.00750000
478.299 0.18750000
479.221 0.12750000
479.232 0.30000000
480.043 0.03000000
480.144 0.00750000
480.544 0.00750000
481.333 0.07500000
481.758 0.01500000
481.805 0.01500000
481.972 0.13500000
481.981 0.01750000
482.117 0.01750000
482.171 0.01750000
482.227 0.01750000
482.276 0.01750000
482.332 0.01750000
482.897 0.21000000
482.911 0.01750000
482.921 0.01750000
484.262 0.01250000
486.688 0.01750000
486.907 0.01750000
488.32 0.19500000
488.38 0.01750000
489.676 0.02000000
490.265 0.02250000
490.562 0.02250000
490.699 0.31500000
491.231 0.02250000
491.99 0.02250000
493.28 0.29250000
494.326 0.06000000
494.745 0.00750000
494.761 0.21750000
495.011 0.02000000
496.14 0.00500000
500.54 0.03500000
500.606 1.00000000
503.64 0.17250000
504.103 0.75000000
505.598 0.75000000
505.632 0.10500000
509.142 0.18000000
510.4 0.02500000
510.7 0.02500000
510.75 0.02500000
510.967 0.02250000
511.06 0.02250000
511.11 0.02250000
511.317 0.02000000
511.376 0.04000000
511.387 0.02000000
511.4 0.02000000
511.412 0.11250000
511.44 0.02000000
511.454 0.02000000
513.369 0.03000000
513.376 0.03000000
513.38 0.03000000
513.382 0.03000000
513.388 0.03000000
513.398 0.03000000
513.65 0.03000000
513.73 0.03000000
514.42 0.02500000
518.19 0.08250000
518.525 0.06750000
518.552 0.00095000
518.556 0.00185000
519.286 0.08250000
519.726 0.00140000
520.241 0.11250000
529.519 0.08250000
530.26 0.00345000
530.286 0.00345000
530.343 0.00345000
530.497 0.00500000
530.745 0.00340000
530.771 0.00340000
530.949 0.00265000
531.038 0.00340000
531.324 0.00340000
540.534 0.09750000
541.724 0.00180000
542.892 0.00750000
543.289 0.00750000
543.862 0.00135000
544.726 0.00750000
545.146 0.00170000
545.196 0.00065000
545.449 0.00390000
545.645 0.00055000
546.214 0.00023500
546.643 0.09750000
546.687 0.09750000
546.689 0.00023000
546.921 0.00047000
546.945 0.00023500
546.947 0.00023500
547.305 0.00050000
547.77 0.00038500
547.809 0.00039500
548.63 0.00065000
549.011 0.00080000
549.323 0.02500000
549.645 0.13500000
550.51 0.00130000
551.754 0.02750000
552.03 0.00120000
553.993 0.00130000
554.074 0.08250000
556.836 0.00145000
557.597 0.00150000
557.666 0.15000000
557.985 0.00155000
559.689 0.00165000
559.783 0.00165000
559.794 0.00165000
559.925 0.00165000
560.0 0.00165000
560.095 0.00160000
560.146 0.00160000
560.535 0.00150000
562.222 0.00285000
563.297 0.04250000
563.948 0.07500000
564.101 0.00065000
564.561 0.01250000
566.066 0.06750000
566.555 0.02000000
566.956 0.00750000
568.144 0.02750000
568.448 0.04250000
568.7 0.00125000
568.881 0.00220000
569.02 0.00100000
569.042 0.02500000
569.405 0.00075000
569.551 0.00070000
569.649 0.00070000
569.74 0.00065000
570.11 0.00750000
570.137 0.07500000
570.312 0.00050000
570.46 0.00265000
570.637 0.00110000
570.72 0.00055000
570.84 0.02500000
571.629 0.00400000
572.461 0.00110000
573.973 0.01250000
574.767 0.02750000
575.363 0.02750000
575.422 0.04000000
576.298 0.02500000
576.5 0.00105000
577.214 0.03500000
577.4 0.00115000
578.038 0.01750000
578.573 0.01000000
579.307 0.01500000
579.49 0.01000000
579.786 0.02000000
580.047 0.04500000
580.627 0.00165000
580.674 0.06750000
581.019 0.00090000
582.78 0.02500000
584.613 0.05250000
585.92 0.00375000
586.748 0.01750000
586.84 0.49500000
587.271 0.00360000
587.376 0.06750000
589.879 0.01500000
591.522 0.16500000
594.854 0.04750000
595.756 0.18000000
597.893 0.18000000
606.745 0.10500000
608.006 0.19500000
608.667 0.08250000
612.502 0.01000000
613.157 0.01000000
613.185 0.01250000
614.249 0.01250000
614.502 0.02750000
615.256 0.00280000
615.513 0.05250000
616.983 0.00250000
617.361 0.00240000
620.031 0.00150000
620.123 0.00150000
623.732 0.27000000
623.829 0.00750000
623.961 0.00175000
623.966 0.00175000
624.381 0.01750000
624.447 0.01750000
625.419 0.04500000
629.105 0.00215000
629.152 0.00215000
629.5 0.00215000
631.051 0.00430000
631.073 0.00440000
631.121 0.00460000
631.446 0.04000000
633.195 0.03000000
633.216 0.01500000
633.238 0.01500000
634.3 0.01500000
634.71 0.50000000
637.136 0.75000000
647.38 0.00480000
647.39 0.00480000
647.41 0.00485000
648.8 0.00500000
651.238 0.00750000
651.804 0.00750000
651.873 0.00750000
652.149 0.00750000
652.261 0.00750000
652.277 0.00750000
652.39 0.00750000
652.436 0.03500000
652.453 0.00750000
652.469 0.00750000
652.661 0.26250000
652.678 0.00750000
652.72 0.26250000
655.388 0.00750000
655.546 0.24000000
656.057 0.01500000
656.736 0.00750000
658.961 0.00750000
662.422 0.00370000
663.105 0.00400000
665.443 0.00750000
666.052 0.30000000
666.27 0.01000000
666.29 0.01000000
666.31 0.01000000
666.5 0.09000000
666.756 0.03000000
667.188 0.50000000
667.957 0.00750000
667.962 0.00750000
667.966 0.00750000
669.938 0.07500000
670.121 0.02500000
670.125 0.00500000
671.697 0.00490000
671.704 0.16500000
672.185 0.33000000
674.164 0.10500000
674.63 0.00500000
674.67 0.00500000
674.763 0.00500000
675.028 0.06750000
675.19 0.00500000
677.663 0.01000000
680.503 0.01750000
680.528 0.01750000
680.758 0.01750000
680.831 0.01750000
681.059 0.01750000
681.08 0.01750000
681.22 0.01750000
681.7 0.02000000
681.845 0.37500000
681.86 0.02000000
682.34 0.02000000
682.98 0.02250000
682.982 0.75000000
683.156 0.08250000
683.407 0.02250000
683.444 0.02250000
684.82 0.02250000
684.857 0.40500000
685.094 0.02250000
685.12 0.02250000
685.165 0.09000000
685.176 0.02250000
690.93 0.00750000
696.294 0.01000000
696.941 0.01000000
697.611 0.01000000
697.652 0.24000000
698.832 0.01000000
699.365 0.01000000
699.836 0.01500000