380.563 0.01666667
380.846 0.01666667
380.975 0.02500000
380.988 0.02500000
381.043 0.02500000
381.207 0.05000000
381.363 0.02666667
381.463 0.01333333
382.418 0.02500000
382.62 0.04500000
383.029 0.17000000
383.15 0.05000000
383.383 0.05500000
383.448 0.01833333
383.46 0.09000000
383.572 0.05500000
383.894 0.06000000
384.045 0.06000000
384.35 0.04000000
384.751 0.04500000
384.878 0.66666667
385.188 0.04500000
385.33 0.02333333
385.421 1.00000000
385.456 0.02333333
385.59 0.07500000
385.791 0.05000000
385.874 0.10000000
386.205 0.04500000
386.223 0.04500000
386.524 0.05000000
387.178 0.13500000
387.519 0.27500000
387.554 0.05500000
388.077 0.22500000
388.138 0.05500000
388.179 0.11500000
388.25 0.14000000
388.529 0.28500000
388.916 0.02333333
389.008 0.05500000
389.121 0.29000000
389.405 0.08500000
389.698 0.29000000
390.342 0.33333333
391.744 0.10000000
392.24 0.27500000
392.828 0.24500000
393.576 0.10500000
394.187 0.15500000
394.324 0.12000000
394.651 0.11000000
394.811 0.13500000
395.189 0.02500000
395.953 0.10500000
396.3 0.10000000
396.604 0.11500000
396.768 0.01500000
397.053 0.02666667
397.14 0.09000000
397.466 0.02500000
397.627 0.06500000
397.643 0.04000000
397.92 0.08000000
398.314 0.14000000
398.668 0.33333333
398.743 0.00666667
399.0 0.02000000
399.002 0.00053333
399.331 0.05000000
400.346 0.14500000
400.748 0.29500000
401.998 0.10000000
402.323 0.09500000
403.511 0.12500000
404.168 0.05000000
404.272 0.01833333
404.29 0.01833333
404.411 0.00666667
404.505 0.01666667
404.616 0.01333333
404.716 0.33333333
404.862 0.00333333
404.981 0.02833333
405.887 0.12000000
406.354 0.04500000
406.432 0.06500000
406.458 0.06500000
406.674 0.08500000
406.833 0.15000000
407.584 0.08000000
407.665 0.05000000
408.056 0.02500000
408.26 0.02166667
408.358 0.14000000
408.44 0.05000000
409.227 0.07000000
409.405 0.03000000
410.413 0.03500000
410.728 0.01000000
410.94 0.01833333
411.019 0.01333333
411.39 0.04500000
411.855 0.12500000
412.136 0.04500000
412.251 0.03500000
412.396 0.08000000
412.923 0.06000000
413.514 0.07000000
414.771 0.06500000
414.983 0.14500000
415.221 0.11000000
415.333 0.07000000
415.522 0.07000000
416.948 0.18000000
417.157 0.09000000
417.802 0.08500000
418.11 0.21500000
418.333 0.01666667
418.376 0.12000000
418.813 0.16000000
419.193 0.07500000
419.945 0.16500000
420.292 0.04500000
420.305 0.06000000
420.613 0.05500000
420.662 0.02833333
421.035 0.15000000
422.066 0.28500000
422.533 0.15000000
422.97 0.14000000
423.457 0.19000000
423.674 0.17500000
423.766 0.16500000
424.47 0.22500000
424.955 0.08500000
425.178 0.21500000
425.639 0.19000000
425.858 0.06000000
426.268 0.24000000
426.508 0.07500000
427.968 0.13000000
427.994 0.06500000
428.079 0.25500000
428.221 0.01833333
428.283 0.02500000
428.35 0.03500000
428.664 0.12000000
429.218 0.12500000
429.674 0.13500000
430.494 0.14500000
430.901 0.30000000
431.285 0.03000000
431.894 0.50000000
431.953 0.08000000
432.328 0.20000000
432.446 0.03166667
432.902 0.50000000
433.002 0.13000000
433.415 0.32000000
434.586 0.15000000
434.78 0.22500000
435.046 0.22500000
435.21 0.19000000
436.072 0.16000000
436.107 0.05000000
436.204 0.24000000
436.291 0.09500000
436.345 0.09500000
436.803 0.09500000
436.992 0.06500000
437.346 0.08000000
437.498 0.33000000
437.824 0.17000000
438.042 0.04500000
438.429 0.09000000
439.086 0.28500000
439.335 0.04000000
439.734 0.04000000
440.117 0.10500000
440.306 0.03500000
440.336 0.11000000
440.933 0.24500000
441.158 0.06500000
441.758 0.23500000
441.933 0.12000000
442.053 0.66666667
442.114 0.50000000
442.434 1.00000000
442.966 0.09000000
443.388 0.50000000
443.432 0.50000000
444.181 0.13500000
444.228 0.18500000
444.426 0.50000000
444.515 0.19500000
445.273 0.66666667
445.295 0.02500000
445.463 0.33333333
445.852 1.00000000
445.929 0.04000000
446.734 0.83333333
447.089 0.25500000
447.243 0.33333333
447.302 0.66666667
447.866 0.33333333
449.911 0.03166667
449.948 0.32000000
450.338 0.01333333
450.505 0.01666667
451.133 0.14500000
451.183 0.33333333
451.509 0.33333333
451.963 0.50000000
452.304 0.16500000
452.391 0.50000000
453.38 0.29000000
453.651 0.29500000
453.795 0.33333333
453.853 0.07000000
454.019 0.26000000
454.206 0.27000000
454.395 0.50000000
454.483 0.04500000
455.266 0.30000000
455.445 0.21500000
456.043 0.13500000
456.621 0.26500000
457.769 0.50000000
458.158 0.08000000
458.173 0.33333333
458.483 0.50000000
459.182 0.33000000
459.354 0.15500000
459.529 0.31500000
459.674 0.07000000
460.418 0.26000000
460.651 0.14000000
461.544 0.07000000
461.569 0.13500000
463.021 0.13000000
464.224 0.33000000
464.54 0.13500000
464.668 0.17000000
464.816 0.04000000
464.949 0.09000000
465.513 0.06000000
466.356 0.33333333
466.94 0.20000000
466.965 0.24500000
467.075 0.14000000
467.46 0.31000000
467.691 0.33333333
468.155 0.14000000
468.718 0.20000000
468.873 0.09000000
469.363 0.07000000
469.934 0.05500000
470.44 0.20500000
471.306 0.09500000
471.526 0.10000000
471.61 0.15000000
471.707 0.08000000
471.772 0.10500000
471.833 0.10500000
471.984 0.13500000
472.602 0.12000000
472.842 0.18500000
474.568 0.16000000
475.072 0.06500000
476.027 0.13000000
477.02 0.07500000
477.415 0.17500000
477.785 0.16500000
478.31 0.24500000
478.586 0.16500000
478.996 0.08000000
479.158 0.24000000
481.581 0.08000000
482.957 0.26000000
484.17 0.12000000
484.421 0.15500000
484.776 0.16000000
484.832 0.10500000
485.436 0.15000000
488.377 0.13000000
488.397 0.17500000
490.497 0.07500000
491.04 0.20500000
491.325 0.21500000
491.899 0.17500000
492.404 0.03500000
493.81 0.10500000
494.863 0.14500000
495.237 0.15500000
496.194 0.16500000
497.598 0.14500000
502.844 0.33333333
504.428 0.31500000
505.276 0.33333333
506.946 0.50000000
507.12 0.28500000
510.022 0.04000000
510.309 0.13000000
510.448 0.09000000
511.67 0.09000000
511.716 0.07500000
512.214 0.08000000
515.503 0.16000000
517.274 0.11500000
517.542 0.08500000
520.059 0.32500000
525.192 0.23500000
527.14 0.19500000
528.291 0.16000000
532.06 0.11500000
534.129 0.11500000
536.836 0.14000000
540.523 0.15500000
545.3 0.19000000
546.672 0.19000000
549.372 0.17500000
551.21 0.13000000
551.609 0.32500000
554.895 0.07000000
555.04 0.11000000
557.342 0.04500000
558.82 0.02333333
560.086 0.05000000
562.179 0.05500000
562.601 0.05500000
564.41 0.03500000
565.986 0.05000000
569.673 0.04500000
570.62 0.07500000
571.093 0.03166667
573.295 0.05000000
574.335 0.01166667
575.952 0.02500000
577.377 0.02666667
577.833 0.01500000
577.924 0.01500000
578.193 0.02166667
578.698 0.03166667
578.838 0.00500000
580.052 0.05000000
580.284 0.04500000
581.489 0.04500000
583.102 0.06000000
583.637 0.08500000
586.078 0.01000000
586.779 0.09000000
586.861 0.07500000
587.106 0.04500000
587.421 0.07000000
589.739 0.22000000
589.896 0.06000000
593.89 0.11000000
596.571 0.13500000
596.882 0.04500000
598.429 0.02000000
604.5 0.06500000
604.539 0.04000000
607.006 0.07500000
608.412 0.09500000
609.14 0.03500000
611.066 0.06000000
615.956 0.07500000
624.676 0.13000000
625.654 0.03500000
625.666 0.11000000
626.728 0.17500000
629.182 0.17500000
630.706 0.10000000
632.747 0.14000000
642.664 0.14000000
647.234 0.17500000
648.452 0.11500000
649.867 0.10500000
654.276 0.11500000
656.931 0.19000000
657.067 0.07500000
658.521 0.05000000
658.972 0.14000000
660.183 0.06500000
660.456 0.09000000
663.228 0.07500000
667.151 0.05500000
667.921 0.08500000
669.355 0.09500000
672.307 0.02166667
673.184 0.15000000
673.406 0.10500000
673.481 0.11000000
674.147 0.01666667
677.861 0.12500000
679.0 0.16500000
679.42 0.11000000
684.471 0.06500000
685.603 0.08500000
686.093 0.12500000
686.282 0.01500000
695.051 0.05000000
695.529 0.16000000