384.138 0.01444444
390.68 0.00026667
396.2 0.00028889
398.46 0.00022222
399.43 0.00002089
411.03 0.00162222
411.13 0.00164444
416.48 0.00093333
417.22 0.00115556
421.62 0.00086667
429.33 0.00086667
429.433 0.00168889
432.309 0.00002889
433.02 0.03666667
452.473 1.00000000
457.37 0.00018889
457.5 0.00014444
457.906 0.00666667
457.99 0.00160000
458.022 0.00666667
458.58 0.04000000
461.824 0.00010889
467.07 0.00080000
471.58 0.00082222
477.61 0.00008889
479.207 0.00333333
485.84 0.01000000
487.721 0.01555556
489.51 0.00015556
491.71 0.00021333
492.42 0.00035556
494.426 0.02666667
497.965 0.00005556
502.04 0.00171111
507.109 0.01222222
507.163 0.00333333
507.262 0.01222222
510.03 0.02000000
510.456 0.00008667
516.015 0.00012444
517.453 0.00018444
522.5 0.00077778
529.12 0.00108889
533.234 0.03666667
534.91 0.00060000
536.94 0.00333333
556.191 0.04666667
558.882 0.05666667
559.626 0.00444444
563.168 0.22222222
575.355 0.00666667
576.173 0.00444444
579.691 0.00071111
579.886 0.00444444
592.53 0.04333333
593.401 0.00001578
596.584 0.00044444
597.029 0.02666667
601.32 0.00035556
603.76 0.04000000
605.467 0.00005778
606.912 0.01888889
607.327 0.00003333
607.763 0.00888889
607.977 0.00777778
614.96 0.03666667
615.445 0.01777778
617.16 0.00777778
620.351 0.00666667
624.21 0.00033333
631.062 0.00003778
635.416 0.00001844
642.84 0.00075556
645.354 0.22222222
656.97 0.00095556
666.11 0.00188889
676.081 0.00157778
684.419 0.33333333
690.37 0.00064444
692.436 0.00001289