380.42 0.00032000
380.685 0.00048000
380.721 0.00200000
380.742 0.01500000
381.202 0.01650000
381.204 0.00650000
381.838 0.00063000
382.197 0.00400000
382.354 0.00031000
382.637 0.00078000
382.719 0.00100000
382.851 0.00078000
383.234 0.00100000
383.887 0.00200000
384.332 0.01650000
385.058 0.00150000
385.168 0.00150000
385.214 0.02100000
385.588 0.00300000
385.914 0.00250000
386.545 0.01500000
386.707 0.00058000
387.426 0.00500000
387.475 0.00200000
387.763 0.00065000
387.928 0.00008100
388.974 0.00033000
389.116 0.00017000
389.67 0.00017000
389.85 0.00150000
390.611 0.00017000
390.844 0.00200000
391.145 0.00200000
391.262 0.00088000
391.428 0.00300000
391.616 0.00018000
391.957 0.02250000
392.068 0.00250000
392.119 0.00018000
392.418 0.02550000
392.5 0.00150000
392.561 0.00009100
392.587 0.02550000
392.961 0.02550000
393.352 0.01200000
393.506 0.02550000
393.51 0.00200000
393.604 0.02250000
393.64 0.00550000
393.672 0.00550000
394.071 0.01500000
394.08 0.00600000
394.375 0.01950000
394.49 0.00150000
394.937 0.01200000
395.064 0.01800000
395.067 0.00200000
395.152 0.00400000
395.222 0.00033000
395.31 0.01950000
395.631 0.00065000
395.875 0.00500000
395.996 0.01200000
396.261 0.00250000
396.458 0.01650000
396.76 0.00400000
396.926 0.00750000
397.004 0.00500000
397.307 0.01350000
397.533 0.00073000
397.604 0.00350000
397.669 0.00057000
397.711 0.00043000
397.893 0.01800000
398.364 0.00039000
398.728 0.00012000
398.867 0.00100000
398.959 0.01500000
398.999 0.00071000
399.159 0.00058000
399.225 0.00300000
399.632 0.00064000
399.717 0.01650000
399.991 0.00100000
400.683 0.00036000
400.734 0.00200000
400.975 0.00027000
401.081 0.01500000
401.219 0.00017000
402.088 0.01650000
402.364 0.00009300
403.038 0.00600000
403.238 0.00300000
403.298 0.00011000
403.319 0.00091000
403.638 0.00032000
403.647 0.00032000
403.752 0.00150000
403.839 0.00022000
403.864 0.01950000
403.948 0.00087000
404.139 0.00022000
405.04 0.00017000
405.242 0.00250000
405.251 0.02850000
405.667 0.00074000
406.092 0.00150000
406.462 0.00050000
406.895 0.00200000
406.928 0.00055000
407.072 0.04200000
407.08 0.00055000
407.615 0.04800000
407.771 0.08400000
408.734 0.00150000
408.744 0.02550000
409.202 0.00014000
409.368 0.00006200
409.403 0.00350000
409.606 0.02700000
409.702 0.00300000
410.563 0.00200000
410.651 0.00035000
410.755 0.00016000
410.798 0.00084000
411.02 0.00014000
411.486 0.00066000
411.532 0.00003300
411.802 0.00018000
412.012 0.00058000
412.821 0.01650000
413.699 0.00026000
413.734 0.00088000
413.792 0.00045000
413.905 0.00047000
415.853 0.06750000
416.18 0.00500000
418.542 0.03300000
418.832 0.00034000
419.278 0.02400000
419.315 0.01350000
420.153 0.02250000
420.221 0.02100000
420.252 0.00044000
420.378 0.01650000
420.525 0.00024000
421.204 0.06600000
421.323 0.04200000
421.425 0.04200000
421.552 0.04950000
422.378 0.00033000
422.47 0.05700000
422.677 0.03450000
422.683 0.03450000
423.277 0.00037000
424.001 0.03300000
424.054 0.00025000
424.24 0.03300000
424.387 0.02700000
424.534 0.00043000
425.294 0.00016000
425.874 0.00900000
425.901 0.01500000
426.232 0.01800000
426.566 0.01050000
426.888 0.00027000
428.815 0.05250000
429.372 0.00100000
429.415 0.05100000
429.682 0.00040000
429.857 0.00150000
429.954 0.00049000
430.545 0.00450000
430.81 0.00200000
431.274 0.00066000
431.318 0.00028000
431.905 0.00150000
431.922 0.00350000
432.195 0.01050000
432.644 0.00035000
433.244 0.00700000
433.58 0.00076000
433.766 0.00099000
433.789 0.00500000
434.075 0.00750000
434.631 0.00017000
436.171 0.00071000
436.279 0.00040000
436.62 0.00003500
436.656 0.00013000
436.936 0.00800000
437.947 0.00850000
438.028 0.00007500
438.582 0.01050000
438.748 0.00055000
439.286 0.00005000
440.601 0.00018000
441.262 0.00042000
441.262 0.00027000
441.484 0.00007200
441.75 0.00007500
441.809 0.00900000
442.577 0.00009100
443.47 0.00011000
443.804 0.00300000
443.878 0.00150000
444.984 0.00200000
445.134 0.00051000
445.18 0.00024000
445.525 0.00071000
446.33 0.03450000
446.43 0.00200000
447.395 0.00150000
447.404 0.00011000
447.819 0.00037000
448.051 0.00100000
448.417 0.00070000
449.646 0.00080000
450.248 0.00041000
450.54 0.00010000
450.706 0.00025000
450.908 0.00019000
451.34 0.00053000
451.475 0.00002100
451.648 0.00074000
451.692 0.00012000
451.787 0.00036000
451.828 0.00040000
451.848 0.00016000
452.2 0.00045000
452.23 0.00850000
452.493 0.00043000
452.532 0.00042000
452.61 0.00005800
452.638 0.00031000
452.829 0.00051000
453.135 0.00055000
453.238 0.01650000
453.41 0.00003200
453.675 0.00057000
453.81 0.00006400
453.966 0.00048000
454.17 0.00019000
454.35 0.00016000
455.066 0.00066000
455.441 0.00040000
455.689 0.00007000
455.748 0.00051000
457.28 0.00150000
457.438 0.00100000
458.132 0.00079000
458.215 0.00052000
458.299 0.02850000
458.591 0.00008700
458.708 0.00005200
459.201 0.00052000
459.241 0.00047000
460.032 0.00049000
460.086 0.00009100
460.176 0.00044000
460.21 0.00055000
460.352 0.00039000
460.733 0.09450000
461.645 0.00050000
461.748 0.00150000
465.286 0.00068000
465.477 0.00100000
465.646 0.00200000
467.51 0.00030000
467.775 0.01500000
467.833 0.00150000
468.508 0.00043000
468.855 0.03300000
469.157 0.00048000
470.398 0.00022000
471.215 0.04050000
471.235 0.02400000
471.396 0.00043000
471.721 0.00027000
472.228 0.00500000
472.947 0.00067000
473.71 0.00062000
473.83 0.00014000
474.192 0.00400000
474.299 0.00094000
475.55 0.00150000
478.125 0.00007700
478.378 0.02850000
478.432 0.00200000
479.057 0.00056000
479.31 0.00011000
479.724 0.00047000
481.188 0.00400000
482.882 0.00150000
483.204 0.03450000
485.278 0.00057000
485.504 0.00450000
486.87 0.00500000
486.917 0.00077000
487.249 0.00650000
487.608 0.00150000
489.198 0.00950000
489.264 0.00350000
490.777 0.00094000
492.063 0.00046000
494.101 0.00032000
495.212 0.00053000
495.628 0.03300000
495.884 0.00058000
496.226 0.00300000
496.558 0.04350000
496.794 0.00150000
497.167 0.00016000
500.421 0.00062000
502.267 0.00150000
503.344 0.00047000
505.095 0.00018000
506.049 0.00026000
506.67 0.00015000
506.834 0.00044000
507.109 0.00086000
507.45 0.00023000
507.769 0.01200000
508.097 0.00008300
509.599 0.00002900
510.351 0.00018000
513.034 0.00100000
515.604 0.00700000
515.826 0.00150000
515.986 0.00014000
516.23 0.00009800
516.549 0.00150000
519.597 0.00150000
519.752 0.00042000
521.298 0.00200000
521.319 0.00150000
521.708 0.00250000
522.22 0.01350000
522.511 0.01350000
522.692 0.00150000
522.927 0.01500000
523.855 0.01950000
524.718 0.00037000
525.69 0.02100000
525.771 0.00500000
526.221 0.00350000
526.296 0.00100000
526.373 0.00046000
527.243 0.00300000
527.822 0.00033000
528.832 0.00300000
529.806 0.00019000
530.313 0.00019000
531.759 0.00042000
532.191 0.00049000
532.981 0.00700000
534.33 0.00068000
534.47 0.00061000
535.594 0.00150000
537.407 0.01050000
537.846 0.00100000
537.913 0.00016000
538.545 0.00032000
539.103 0.00250000
539.589 0.00100000
539.992 0.00099000
540.545 0.00200000
540.707 0.00150000
541.499 0.00150000
541.756 0.00250000
542.099 0.00250000
543.197 0.00039000
544.348 0.00550000
545.084 0.00900000
545.598 0.00054000
546.39 0.00900000
547.165 0.00800000
547.528 0.00051000
547.763 0.00150000
547.862 0.00200000
548.086 0.03150000
548.522 0.00350000
548.614 0.01200000
549.463 0.00250000
550.418 0.02100000
550.483 0.00042000
550.756 0.00100000
551.948 0.00085000
552.042 0.00550000
552.176 0.01800000
553.479 0.00700000
553.733 0.00250000
554.005 0.00650000
554.336 0.00900000
555.476 0.00200000
555.638 0.00072000
555.791 0.03000000
559.45 0.00005900
559.517 0.00019000
559.816 0.00900000
562.294 0.00002800
562.693 0.00020000
563.724 0.00028000
564.719 0.00100000
565.054 0.00023000
566.466 0.00500000
566.848 0.00033000
567.709 0.00084000
568.972 0.00500000
571.551 0.00350000
572.203 0.00097000
572.37 0.00023000
575.06 0.00250000
577.266 0.00450000
577.676 0.00150000
580.195 0.00500000
580.932 0.00150000
581.189 0.00068000
581.677 0.00300000
581.9 0.00056000
582.843 0.00250000
583.09 0.00082000
588.099 0.00400000
588.136 0.00950000
588.802 0.01350000
589.15 0.00300000
595.341 0.00100000
597.008 0.01350000
597.894 0.01350000
598.434 0.01650000
602.512 0.00150000
603.18 0.00200000
603.648 0.00150000
604.843 0.00200000
605.607 0.00075000
609.399 0.00300000
610.065 0.00074000
613.391 0.00500000
615.895 0.00950000
620.39 0.06000000
622.221 0.02100000
624.573 0.03000000
627.204 0.03900000
632.401 0.01950000
634.573 0.04350000
634.9 0.00200000
635.623 0.00750000
636.391 0.05250000
636.992 0.05550000
638.073 0.07200000
638.646 0.08550000
638.82 0.08550000
639.494 0.01500000
640.846 0.10000000
644.665 0.01500000
646.577 0.00900000
647.011 0.01050000
647.315 0.00200000
649.465 0.00200000
650.399 0.06450000
654.679 0.04350000
655.024 0.15000000
661.727 0.25000000
664.354 0.15000000
667.728 0.00300000
673.839 0.00200000
679.102 0.45000000
686.817 0.00200000
687.344 0.00600000
687.831 1.00000000
689.258 0.20000000