381.689 0.00550000
382.447 0.00550000
382.854 0.00900000
383.035 0.00350000
383.245 0.00350000
383.282 0.01050000
383.756 0.02700000
384.131 0.01500000
384.597 0.01500000
384.76 0.00900000
385.122 0.00550000
385.673 0.00900000
386.307 0.00350000
386.411 0.00750000
386.824 0.01800000
387.566 0.00350000
387.916 0.00950000
388.072 0.01200000
389.212 0.00600000
389.322 0.00400000
389.983 0.01350000
391.938 0.00700000
392.366 0.00750000
392.757 0.00500000
393.37 0.00500000
394.657 0.10000000
394.709 0.05400000
395.573 0.00550000
397.964 0.00900000
398.035 0.01500000
398.497 0.30000000
398.778 0.01200000
399.404 0.00950000
399.451 0.06300000
399.697 0.00650000
400.469 0.00950000
400.714 0.01650000
401.2 0.03150000
401.668 0.01350000
401.722 0.01950000
402.076 0.06450000
403.163 0.65000000
403.925 0.03300000
404.178 0.00650000
404.911 0.35000000
405.195 0.01650000
405.318 0.00650000
405.608 0.00650000
408.354 0.01200000
408.871 0.30000000
409.369 0.00650000
409.567 0.45000000
411.022 0.03000000
411.508 0.30000000
411.927 0.01800000
412.422 0.25000000
412.827 0.02850000
413.481 0.00850000
413.912 0.00850000
413.985 0.02250000
414.127 0.01050000
414.495 0.15000000
414.508 0.08100000
414.762 0.00550000
416.561 0.25000000
416.742 0.01200000
416.968 0.02400000
417.027 0.09600000
417.253 0.10000000
417.628 0.02400000
418.651 0.01950000
421.861 0.01050000
423.819 0.50000000
426.227 0.80000000
426.269 0.03900000
427.497 0.02850000
427.89 0.02850000
429.706 1.00000000
433.686 0.00950000
435.849 0.00750000
435.926 0.00400000
442.959 0.02100000
448.153 0.03000000
448.706 0.09150000
449.503 0.01200000
451.598 0.03450000
452.284 0.35000000
453.953 0.07350000
454.209 0.01500000
455.22 0.01500000
455.285 0.03000000
455.705 0.03750000
456.454 0.07650000
457.845 0.03750000
459.335 0.04050000
460.916 0.01350000
461.686 0.04650000
462.269 0.00950000
462.496 0.01350000
463.057 0.04650000
463.315 0.00950000
463.75 0.15000000
464.328 0.02250000
464.833 0.08700000
466.021 0.08100000
466.93 0.07350000
467.217 0.01500000
467.89 0.00650000
468.936 0.01200000
469.428 0.00800000
470.692 0.02250000
471.422 0.00450000
471.777 0.04200000
471.902 0.01050000
471.928 0.08400000
473.651 0.00400000
474.061 0.20000000
474.961 0.00950000
475.272 0.01950000
476.236 0.00400000
477.154 0.07350000
477.389 0.00350000
478.392 0.00350000
478.56 0.00950000
479.048 0.00400000
479.162 0.00500000
479.998 0.00600000
480.569 0.00200000
480.942 0.00200000
481.679 0.01050000
482.074 0.20000000
483.135 0.00700000
483.437 0.02250000
483.539 0.02250000
484.136 0.00250000
485.359 0.45000000
485.721 0.00250000
486.219 0.00250000
486.673 0.25000000
487.077 0.00450000
488.87 0.00200000
489.088 0.00350000
489.192 0.15000000
489.249 0.00350000
490.851 0.02100000
490.957 0.04050000
491.302 0.01000000
491.47 0.00300000
492.067 0.00400000
492.36 0.00550000
494.806 0.06000000
497.634 0.10000000
499.5 0.00850000
500.267 0.00450000
500.574 0.00200000
501.452 0.00450000
502.624 0.03750000
502.679 0.00950000
502.789 0.00350000
503.245 0.00200000
505.527 0.00750000
505.833 0.00150000
506.069 0.04350000
509.074 0.00200000
509.628 0.15000000
510.324 0.00900000
510.432 0.05700000
510.981 0.03000000
512.06 0.00250000
513.926 0.05400000
515.063 0.03900000
516.181 0.06450000
517.481 0.06900000
520.656 0.00400000
522.555 0.00950000
526.022 0.01050000
526.144 0.01200000
527.551 0.06000000
528.507 0.04950000
530.531 0.00650000
531.496 0.02700000
532.02 0.04200000
533.479 0.01500000
535.348 0.03750000
535.663 0.01500000
535.865 0.02250000
536.014 0.01500000
537.52 0.03900000
542.305 0.01500000
544.74 0.02100000
545.19 0.05100000
545.595 0.01050000
547.196 0.03000000
548.301 0.00700000
548.537 0.00600000
550.689 0.00950000
552.411 0.01800000
552.823 0.01200000
554.194 0.02400000
554.363 0.00950000
555.053 0.01200000
558.902 0.09450000
560.223 0.01350000
562.045 0.07800000
562.994 0.01950000
564.213 0.05250000
564.494 0.03000000
565.6 0.00600000
567.215 0.00250000
568.73 0.00800000
568.905 0.00800000
572.531 0.02700000
577.147 0.01950000
579.465 0.00350000
579.985 0.00300000
581.424 0.00350000
583.148 0.00600000
583.633 0.00450000
592.336 0.01650000
592.447 0.10000000
592.629 0.02250000
593.193 0.06900000
603.236 0.00150000
604.799 0.00150000
606.509 0.00500000
608.523 0.02250000
609.939 0.00850000
610.296 0.01500000
612.068 0.03000000
613.08 0.03000000
613.223 0.00450000
618.47 0.00300000
619.266 0.02550000
624.418 0.01800000
631.218 0.00300000
635.486 0.00350000
635.673 0.00350000
638.987 0.00350000
640.883 0.00500000
645.59 0.07200000
646.193 0.04500000
647.027 0.00800000
649.168 0.01800000
652.682 0.02250000
657.924 0.02700000
662.557 0.10000000
667.366 0.06900000
668.71 0.02250000
678.6 0.01350000
679.863 0.01050000
685.69 0.01500000