390.567 0.64000000
391.853 0.01333333
393.149 0.01333333
394.798 0.02666667
396.922 0.02666667
397.594 0.02333333
398.177 0.02333333
400.652 0.18000000
401.169 0.05000000
402.973 0.02000000
404.717 0.01666667
404.888 0.08000000
407.347 0.31000000
410.105 0.04666667
412.732 0.03000000
416.355 0.06666667
416.977 0.14000000
417.929 0.10000000
421.131 0.02666667
422.573 0.10000000
424.647 0.02666667
425.115 0.13000000
426.111 0.56000000
426.436 0.05666667
427.343 0.13000000
428.585 0.13000000
432.09 0.17000000
436.129 0.07000000
436.4 0.58000000
437.712 0.10000000
438.51 0.07000000
439.6 0.13000000
447.863 0.66666667
453.707 0.05000000
455.778 0.31000000
463.062 0.04333333
464.112 0.06000000
465.437 0.66666667
468.69 0.35000000
469.638 0.06333333
470.654 0.10000000
476.606 0.22000000
477.156 0.07000000
478.487 0.09000000
482.714 0.05666667
483.128 1.00000000
484.29 0.05666667
486.512 0.05666667
486.624 1.00000000
488.522 0.12000000
490.444 0.13000000
496.189 0.63000000
500.082 0.30000000
508.288 1.00000000
514.877 0.24000000
544.984 0.17000000
548.795 0.09000000
557.635 0.10000000
564.926 0.11000000
566.62 0.02000000
570.812 0.11000000
573.36 0.00386667
575.585 0.13000000
578.922 0.00433333
593.614 0.05666667
597.467 0.14000000
627.35 0.01000000
634.952 0.01333333
636.713 0.04666667
640.619 0.07000000
645.67 0.00233333
661.34 0.01333333
664.858 0.08000000
669.014 0.02000000
679.0 0.02000000
683.765 0.05333333
685.388 0.26000000