380.037 0.10500000
380.059 0.04500000
380.132 0.22500000
380.192 0.10500000
380.215 0.18000000
380.232 0.00054000
380.259 0.00031000
380.307 0.33000000
380.337 0.00140000
380.434 0.00620000
380.499 0.00520000
380.531 0.39000000
380.535 0.01500000
380.582 0.45000000
380.597 0.02000000
380.623 0.00160000
380.627 0.00420000
380.767 0.00550000
380.787 0.22500000
380.813 0.22500000
380.851 0.00230000
380.869 0.00190000
380.909 0.22500000
380.913 0.00160000
380.963 0.00049000
380.983 0.18000000
381.03 0.00730000
381.05 0.00250000
381.056 0.18000000
381.09 0.00140000
381.136 0.45000000
381.198 0.00130000
381.23 0.00042000
381.307 0.45000000
381.333 0.00240000
381.34 0.00044000
381.367 0.00670000
381.381 0.04000000
381.503 0.18000000
381.651 0.00120000
381.656 0.18000000
381.661 0.00260000
381.679 0.00190000
381.729 0.00200000
381.737 0.45000000
381.81 0.00350000
381.916 0.00100000
381.929 0.10500000
381.934 0.00160000
381.994 0.00350000
382.103 0.00080000
382.143 0.33000000
382.176 0.00130000
382.215 0.22500000
382.332 0.18000000
382.359 0.22500000
382.387 0.00037000
382.465 0.00190000
382.476 0.45000000
382.503 0.22500000
382.513 0.05500000
382.555 0.18000000
382.602 0.00240000
382.695 0.22500000
382.93 0.00330000
382.941 0.88500000
383.051 0.00440000
383.084 0.01500000
383.095 0.00450000
383.153 0.00370000
383.174 0.18000000
383.196 0.00660000
383.235 0.18000000
383.279 0.10500000
383.297 0.45000000
383.323 0.00400000
383.37 0.00160000
383.408 0.00075000
383.541 0.00960000
383.779 0.00075000
383.885 0.00073000
383.896 0.00037000
383.942 0.00300000
383.975 0.06500000
384.136 0.00150000
384.196 0.45000000
384.292 0.22500000
384.522 0.00360000
384.554 0.00530000
384.625 0.22500000
384.675 0.00470000
384.683 0.00310000
384.882 0.00076000
384.918 0.02500000
384.954 0.00038000
385.009 0.00077000
385.013 0.00790000
385.028 0.00550000
385.077 0.00077000
385.296 0.22500000
385.308 0.00076000
385.344 0.00038000
385.432 0.00180000
385.451 0.45000000
385.488 0.00390000
385.492 0.00110000
385.606 0.00071000
385.611 0.00180000
385.619 0.00200000
385.735 0.00370000
385.751 0.00710000
385.975 0.00350000
385.984 0.22500000
385.993 0.00440000
386.154 0.00470000
386.205 0.00680000
386.24 0.06500000
386.256 0.00190000
386.266 0.00930000
386.27 0.00360000
386.321 0.00190000
386.341 0.45000000
386.359 0.00160000
386.412 0.00083000
386.436 0.00210000
386.499 0.18000000
386.607 0.00680000
386.663 0.00130000
386.666 0.00043000
386.688 0.00670000
386.72 0.00044000
386.758 0.00530000
386.77 0.00045000
386.785 0.00450000
386.788 0.00090000
386.816 0.00045000
386.997 0.00440000
387.092 0.00220000
387.107 0.00150000
387.114 0.00130000
387.124 0.00210000
387.146 0.00470000
387.162 0.01000000
387.178 0.00040000
387.193 0.00120000
387.236 0.00560000
387.272 0.66000000
387.398 0.00200000
387.552 0.00230000
387.651 0.00110000
387.695 0.00054000
387.724 0.00270000
387.805 0.01000000
387.98 0.00750000
388.15 0.00670000
388.214 0.00810000
388.221 0.00049000
388.354 0.00250000
388.432 0.00092000
388.452 0.22500000
388.482 0.45000000
388.495 0.00230000
388.515 0.10500000
388.564 0.00320000
388.577 0.18000000
388.6 0.00800000
388.743 0.00110000
388.805 0.00074000
388.846 0.00110000
388.867 0.02000000
389.006 0.00035000
389.035 0.00150000
389.082 0.00550000
389.098 0.00370000
389.105 0.22500000
389.231 0.22500000
389.243 0.00140000
389.303 0.00220000
389.311 0.18000000
389.342 0.33000000
389.441 0.18000000
389.49 0.04500000
389.542 0.45000000
389.585 0.00055000
389.598 0.00055000
389.746 0.00052000
389.806 0.00050000
389.849 0.22500000
389.903 0.00700000
389.932 0.00046000
389.967 0.00088000
390.004 0.00490000
390.013 0.00460000
390.088 0.66000000
390.115 0.22500000
390.166 0.10500000
390.212 0.22500000
390.247 0.18000000
390.273 0.00200000
390.376 0.00110000
390.408 0.45000000
390.42 0.00510000
390.519 0.66000000
390.536 0.00500000
390.603 0.00110000
390.683 0.18000000
390.734 0.18000000
390.791 0.00190000
390.849 0.06500000
391.228 0.33000000
391.301 0.33000000
391.32 0.00033000
391.382 0.22500000
391.447 0.04500000
391.672 0.33000000
391.68 0.01000000
391.801 0.22500000
391.828 0.10500000
392.017 0.00041000
392.031 0.18000000
392.052 0.00210000
392.095 0.00160000
392.21 0.00340000
392.222 0.18000000
392.239 0.00320000
392.351 0.00750000
392.463 0.00130000
392.499 0.00880000
392.522 0.04500000
392.671 0.22500000
392.718 0.33000000
392.742 0.33000000
392.824 0.00050000
392.87 0.00300000
392.894 0.00330000
392.919 0.00110000
392.967 0.66000000
393.126 0.01000000
393.2 0.00650000
393.223 0.33000000
393.291 0.22500000
393.335 0.00360000
393.357 0.00077000
393.418 0.00190000
393.524 0.10500000
393.563 0.04500000
393.594 0.10500000
393.612 0.00034000
393.63 0.00140000
393.66 0.02500000
393.684 0.00033000
393.704 0.33000000
393.792 0.33000000
393.842 0.00310000
393.858 0.00170000
393.873 0.33000000
393.878 0.00820000
393.896 0.00440000
393.979 0.00520000
394.037 0.00230000
394.136 0.04500000
394.173 0.18000000
394.204 0.00240000
394.264 0.22500000
394.27 0.00230000
394.285 0.00290000
394.326 0.00940000
394.339 0.03500000
394.346 0.02000000
394.369 0.22500000
394.551 0.45000000
394.582 0.22500000
394.615 0.45000000
394.66 0.00110000
394.896 0.66000000
394.9 0.00260000
394.921 0.00140000
395.009 0.00032000
395.111 0.04500000
395.151 0.45000000
395.245 0.06500000
395.29 0.00068000
395.39 0.00071000
395.397 0.00071000
395.446 0.00360000
395.459 0.00036000
395.51 0.00190000
395.525 0.00250000
395.648 0.00860000
395.659 0.22500000
395.669 0.22500000
395.706 0.00360000
395.716 0.00570000
395.748 0.00076000
395.801 0.00037000
395.903 0.00190000
395.922 0.00310000
396.002 0.00240000
396.033 0.33000000
396.036 0.00120000
396.096 0.04500000
396.15 0.00060000
396.197 0.00120000
396.233 0.18000000
396.292 0.00089000
396.322 0.22500000
396.347 0.22500000
396.474 0.06000000
396.486 0.10500000
396.605 0.00077000
396.623 0.00450000
396.671 0.06500000
396.721 0.18000000
396.756 0.00210000
396.848 0.24000000
396.848 0.03500000
396.9 0.22500000
396.929 0.00200000
396.934 0.06500000
396.953 0.10500000
396.956 0.02500000
396.983 0.10500000
396.985 0.00180000
397.399 0.00033000
397.422 0.10500000
397.44 0.00370000
397.487 0.00030000
397.522 0.18000000
397.598 0.00110000
397.641 0.45000000
397.652 0.00130000
397.78 0.04500000
397.904 0.06000000
397.904 0.22500000
398.009 0.04000000
398.014 0.00150000
398.075 0.22500000
398.111 0.45000000
398.153 0.06500000
398.21 0.18000000
398.223 0.06500000
398.378 0.00054000
398.438 0.18000000
398.462 0.22500000
398.507 0.00067000
398.541 0.18000000
398.546 0.00550000
398.707 0.00240000
398.721 0.03500000
398.748 0.00480000
398.771 0.22500000
398.8 0.01500000
398.803 1.00000000
398.86 0.22500000
398.885 0.22500000
398.957 0.00100000
399.007 0.18000000
399.012 0.00110000
399.073 0.01500000
399.107 0.00630000
399.134 0.00470000
399.205 0.10500000
399.227 0.22500000
399.372 0.18000000
399.434 0.00310000
399.455 0.66000000
399.503 0.00180000
399.57 0.00061000
399.606 0.33000000
399.651 0.00190000
399.747 0.00540000
399.787 0.22500000
399.798 0.00460000
399.994 0.00075000
400.173 0.22500000
400.211 0.00097000
400.311 0.22500000
400.331 0.33000000
400.339 0.00050000
400.557 0.00610000
400.638 0.22500000
400.687 0.00027000
400.702 0.45000000
400.706 0.00300000
400.75 0.00042000
400.874 0.00065000
400.954 0.06500000
401.033 0.00031000
401.043 0.00048000
401.053 0.00100000
401.098 0.00061000
401.178 0.01500000
401.261 0.00140000
401.326 0.10500000
401.451 0.00730000
401.494 0.00026000
401.514 0.00051000
401.559 0.00046000
401.583 0.00130000
401.63 0.10500000
401.644 0.00022000
401.706 0.00910000
401.749 0.18000000
401.771 0.00042000
401.877 0.00061000
401.913 0.18000000
402.01 0.06500000
402.092 0.00067000
402.21 0.45000000
402.354 0.06500000
402.377 0.00023000
402.447 0.10500000
402.566 0.01500000
402.594 0.00110000
402.604 0.00240000
402.616 0.22500000
402.734 0.10500000
402.741 0.00081000
402.765 0.10500000
402.863 0.18000000
402.87 0.00230000
402.903 0.10500000
402.932 0.18000000
402.952 0.00430000
403.029 0.18000000
403.053 0.00059000
403.109 0.10500000
403.123 0.00100000
403.133 0.10500000
403.178 0.00110000
403.204 0.06500000
403.224 0.00074000
403.247 0.00690000
403.26 0.22500000
403.289 0.00056000
403.425 0.22500000
403.436 0.00055000
403.492 0.00730000
403.524 0.00075000
403.657 0.33000000
403.713 0.18000000
403.743 0.00039000
403.835 0.01000000
403.843 0.00190000
403.89 0.00023000
403.944 0.00280000
404.039 0.00440000
404.12 0.45000000
404.181 0.00051000
404.298 0.10500000
404.313 0.22500000
404.385 0.00024000
404.454 0.00099000
404.563 0.00490000
404.803 0.18000000
404.879 0.22500000
404.975 0.00250000
404.982 0.00074000
405.128 0.00060000
405.191 0.00090000
405.244 0.00270000
405.349 0.00110000
405.418 0.00047000
405.477 0.10500000
405.523 0.00130000
405.703 0.00048000
405.733 0.22500000
405.778 0.06500000
405.794 0.00880000
405.977 0.00120000
405.981 0.00110000
405.989 0.18000000
405.991 0.00096000
406.23 0.00400000
406.266 0.00073000
406.341 0.22500000
406.369 0.00560000
406.376 0.00180000
406.433 0.18000000
406.461 0.00240000
406.525 0.00110000
406.569 0.00480000
406.6 0.00120000
406.617 0.00052000
406.759 0.18000000
406.788 0.00230000
406.802 0.00100000
406.92 0.88500000
406.931 0.00170000
406.942 0.00067000
407.067 0.00250000
407.13 0.00039000
407.147 0.00200000
407.173 0.02000000
407.218 0.00080000
407.291 0.00270000
407.371 0.00370000
407.464 0.00170000
407.561 0.00092000
407.571 0.10500000
407.914 0.00250000
407.943 0.00043000
407.96 0.10500000
407.99 0.00130000
408.029 0.00350000
408.047 0.00099000
408.059 0.00100000
408.098 0.00085000
408.183 0.00100000
408.186 0.00110000
408.226 0.22500000
408.339 0.00150000
408.401 0.00045000
408.428 0.00084000
408.45 0.00072000
408.482 0.00110000
408.495 0.00550000
408.504 0.33000000
408.582 0.00210000
408.634 0.00130000
408.641 0.00380000
408.652 0.27000000
409.01 0.00076000
409.037 0.00110000
409.135 0.02000000
409.153 0.00190000
409.231 0.00037000
409.234 0.01000000
409.326 0.00074000
409.333 0.00075000
409.339 0.22500000
409.356 0.00110000
409.449 0.00066000
409.475 0.33000000
409.633 0.00260000
409.734 0.10500000
409.769 0.10500000
409.809 0.00051000
409.893 0.22500000
410.082 0.00520000
410.085 0.40500000
410.133 0.00098000
410.246 0.00048000
410.311 0.00051000
410.326 0.00160000
410.366 0.00082000
410.438 0.22500000
410.492 0.00068000
410.533 0.01500000
410.535 0.27000000
410.548 0.00190000
410.591 0.01000000
410.612 0.00140000
410.695 0.00100000
410.737 0.00470000
410.779 0.00370000
410.842 0.33000000
411.007 0.00120000
411.051 0.00440000
411.064 0.10500000
411.087 0.18000000
411.097 0.00052000
411.113 0.00120000
411.143 0.00088000
411.146 0.00044000
411.199 0.00084000
411.231 0.10500000
411.248 0.00027000
411.356 0.00260000
411.415 0.00062000
411.514 0.00064000
411.565 0.00190000
411.631 0.00099000
411.671 0.33000000
411.785 0.00078000
411.86 0.00320000
411.939 0.00072000
412.001 0.00110000
412.185 0.06500000
412.267 0.00380000
412.297 0.10500000
412.327 0.00052000
412.34 0.00052000
412.353 0.01000000
412.395 0.00056000
412.451 0.00140000
412.467 0.06500000
412.661 0.00025000
412.729 0.00079000
412.741 0.08500000
412.83 0.00079000
412.891 0.00025000
412.992 0.00055000
413.066 0.00067000
413.121 0.00400000
413.143 0.18000000
413.153 0.00270000
413.209 0.00050000
413.229 0.00050000
413.275 0.27000000
413.298 0.00024000
413.33 0.00130000
413.34 0.00049000
413.411 0.22500000
413.441 0.00023000
413.461 0.00098000
413.499 0.00049000
413.61 0.00049000
413.64 0.01000000
413.707 0.00049000
413.761 0.00049000
413.884 0.00210000
413.914 0.00110000
413.976 0.00023000
413.993 0.00042000
414.023 0.33000000
414.039 0.01000000
414.123 0.00054000
414.163 0.22500000
414.195 0.00028000
414.247 0.22500000
414.27 0.22500000
414.297 0.00120000
414.36 0.00095000
414.566 0.00026000
414.583 0.00060000
414.607 0.00055000
414.626 0.00026000
414.666 0.00054000
414.754 0.00780000
414.803 0.00055000
414.818 0.22500000
414.835 0.10500000
414.843 0.00051000
414.868 0.00120000
414.877 0.00069000
414.971 0.00079000
414.999 0.27000000
415.037 0.00072000
415.048 0.00047000
415.145 0.00130000
415.372 0.00034000
415.547 0.10500000
415.624 0.18000000
415.652 0.22500000
415.699 0.00023000
415.966 0.22500000
416.159 0.10500000
416.188 0.00076000
416.268 0.27000000
416.318 0.00098000
416.365 0.22500000
416.374 0.00410000
416.395 0.00530000
416.425 0.22500000
416.507 0.22500000
416.55 0.45000000
416.649 0.00040000
416.727 0.00047000
416.863 0.27000000
416.983 0.00440000
417.047 0.22500000
417.079 0.00460000
417.134 0.27000000
417.274 0.00040000
417.353 0.00110000
417.364 0.00066000
417.396 0.00028000
417.462 0.00047000
417.548 0.00029000
417.634 0.00160000
417.806 0.27000000
417.971 0.18000000
417.996 0.18000000
418.056 0.00085000
418.104 0.00065000
418.108 0.00068000
418.116 0.00250000
418.135 0.00076000
418.216 0.00580000
418.341 0.00027000
418.356 0.18000000
418.395 0.00037000
418.428 0.00110000
418.471 0.00250000
418.504 0.00086000
418.53 0.00320000
418.811 0.00039000
418.82 0.00053000
418.858 0.06500000
418.988 0.00110000
419.056 0.00059000
419.183 0.18000000
419.2 0.00026000
419.408 0.00110000
419.556 0.18000000
419.583 0.10500000
419.595 0.18000000
419.794 0.00067000
419.901 0.00270000
420.1 0.00037000
420.16 0.00320000
420.185 0.22500000
420.579 0.00130000
420.666 0.00400000
420.792 0.00051000
420.867 0.00180000
420.889 0.33000000
421.04 0.00036000
421.152 0.18000000
421.188 0.00150000
421.245 0.00080000
421.307 0.22500000
421.4 0.06500000
421.407 0.00032000
421.423 0.00032000
421.454 0.06500000
421.463 0.00059000
421.604 0.00110000
421.723 0.18000000
421.819 0.18000000
421.823 0.00062000
421.854 0.18000000
421.864 0.00050000
421.882 0.00025000
421.938 0.00093000
421.941 0.00049000
421.957 0.00390000
421.968 0.00039000
422.219 0.00049000
422.258 0.00073000
422.275 0.00075000
422.414 0.00049000
422.424 0.01000000
422.462 0.10500000
422.58 0.00120000
422.673 1.00000000
422.765 0.06500000
422.767 0.00080000
422.87 0.00330000
422.899 0.00110000
422.945 0.22500000
423.117 0.00090000
423.179 0.00056000
423.198 0.00085000
423.252 0.00082000
423.329 0.22500000
423.351 0.00047000
423.408 0.00020000
423.43 0.10500000
423.438 0.00062000
423.498 0.13500000
423.585 0.00020000
423.639 0.00170000
423.692 0.00042000
423.711 0.10500000
423.766 0.00021000
423.769 0.00043000
423.888 0.00019000
423.898 0.00065000
423.903 0.00041000
423.967 0.00110000
424.059 0.00640000
424.068 0.00086000
424.186 0.00042000
424.234 0.00080000
424.272 0.10500000
424.338 0.00043000
424.367 0.00020000
424.392 0.27000000
424.482 0.00025000
424.546 0.09000000
424.598 0.00039000
424.636 0.00068000
424.76 0.18000000
424.799 0.33000000
424.968 0.27000000
424.997 0.00086000
425.001 0.00027000
425.034 0.27000000
425.152 0.00041000
425.159 0.00037000
425.178 0.00031000
425.196 0.00031000
425.288 0.00034000
425.302 0.00034000
425.324 0.00068000
425.326 0.00100000
425.387 0.13500000
425.398 0.00059000
425.402 0.00080000
425.445 0.18000000
425.474 0.00026000
425.538 0.00056000
425.61 0.27000000
425.847 0.00090000
425.883 0.00063000
425.986 0.00098000
426.094 0.00110000
426.128 0.10500000
426.274 0.09000000
426.336 0.22500000
426.377 0.00047000
426.411 0.09000000
426.438 0.00120000
426.495 0.00054000
426.504 0.00037000
426.549 0.00130000
426.566 0.00022000
426.682 0.00023000
426.752 0.00330000
426.772 0.00053000
426.861 0.00079000
427.033 0.13500000
427.091 0.00025000
427.108 0.00180000
427.11 0.10500000
427.124 0.00081000
427.127 0.00075000
427.155 0.00063000
427.191 0.00090000
427.336 0.45000000
427.402 0.22500000
427.432 0.18000000
427.52 0.00061000
427.524 0.00061000
427.544 0.00094000
427.681 0.22500000
427.691 0.00110000
427.697 0.09000000
427.699 0.00140000
427.704 0.00570000
427.731 0.45000000
427.811 0.00049000
427.851 0.00084000
427.928 0.00260000
428.022 0.00100000
428.026 0.00085000
428.107 0.45000000
428.141 0.33000000
428.176 0.00053000
428.188 0.00770000
428.204 0.66000000
428.209 0.03500000
428.216 0.00072000
428.237 0.00120000
428.352 0.22500000
428.418 0.00069000
428.422 0.00045000
428.443 0.00070000
428.451 0.00052000
428.493 0.00045000
428.497 0.18000000
428.518 0.10500000
428.545 0.00066000
428.576 0.00035000
428.618 0.00240000
428.67 0.00120000
428.768 0.00057000
428.805 0.18000000
429.083 0.00025000
429.139 0.00120000
429.252 0.00170000
429.309 0.00024000
429.322 0.00024000
429.504 0.00320000
429.513 0.09000000
429.524 0.00280000
429.658 0.00048000
429.737 0.22500000
429.828 0.00029000
429.883 0.18000000
429.887 0.00080000
429.889 0.00290000
429.944 0.00100000
430.014 0.00058000
430.07 0.00057000
430.08 0.10500000
430.129 0.00049000
430.211 0.00055000
430.293 0.00022000
430.407 0.00052000
430.534 0.00062000
430.616 0.00026000
430.636 0.05000000
430.796 0.00047000
430.826 0.06500000
430.919 0.00088000
430.922 0.00030000
430.999 0.33000000
431.018 0.00210000
431.055 0.00036000
431.064 0.00077000
431.096 0.00420000
431.216 0.00085000
431.331 0.13500000
431.351 0.00034000
431.401 0.00310000
431.558 0.00039000
431.571 0.00120000
431.595 0.10500000
431.723 0.00045000
431.767 0.00040000
431.776 0.00040000
431.829 0.13500000
431.842 0.04000000
431.896 0.00039000
431.91 0.10500000
432.013 0.27000000
432.045 0.00170000
432.059 0.18000000
432.066 0.00053000
432.102 0.00150000
432.2 0.00060000
432.239 0.00039000
432.304 0.00030000
432.316 0.00018000
432.444 0.00078000
432.496 0.00034000
432.519 0.00039000
432.566 0.00039000
432.592 0.00039000
432.618 0.00057000
432.634 0.00037000
432.658 0.00023000
432.709 0.00410000
432.723 0.00570000
432.745 0.00043000
432.755 0.00037000
432.828 0.00030000
432.869 0.13500000
432.911 0.00190000
432.949 0.13500000
432.991 0.00023000
433.035 0.00036000
433.084 0.05000000
433.192 0.18000000
433.394 0.10500000
433.425 0.00094000
433.432 0.00094000
433.475 0.00028000
433.531 0.06500000
433.568 0.00720000
433.571 0.00770000
433.58 0.00600000
433.65 0.00081000
433.738 0.22500000
433.786 0.00053000
433.811 0.06500000
433.838 0.00100000
433.965 0.00096000
434.102 0.13500000
434.199 0.00017000
434.225 0.00520000
434.227 0.18000000
434.324 0.00190000
434.36 0.09000000
434.395 0.22500000
434.433 0.27000000
434.498 0.00065000
434.506 0.06500000
434.585 0.02000000
434.627 0.00046000
434.709 0.00023000
434.719 0.13500000
434.725 0.00240000
434.743 0.00023000
434.824 0.00120000
434.832 0.00079000
434.871 0.00071000
434.883 0.00035000
434.894 0.00095000
435.057 0.00100000
435.083 0.13500000
435.107 0.00078000
435.152 0.00140000
435.219 0.00064000
435.268 0.00550000
435.282 0.00410000
435.34 0.18000000
435.508 0.00073000
435.532 0.27000000
435.591 0.00057000
435.707 0.00110000
435.761 0.18000000
435.853 0.00100000
435.856 0.09000000
435.867 0.00056000
435.882 0.06500000
435.913 0.00065000
435.929 0.00120000
435.937 0.09000000
435.98 0.00028000
436.131 0.27000000
436.179 0.09000000
436.236 0.00055000
436.419 0.00046000
436.593 0.09000000
436.719 0.00070000
436.831 0.00019000
436.871 0.00039000
436.906 0.00100000
436.932 0.22500000
437.007 0.00040000
437.077 0.00080000
437.177 0.00079000
437.281 0.00039000
437.39 0.22500000
437.401 0.02000000
437.471 0.00150000
437.479 0.33000000
437.503 0.00110000
437.559 0.00097000
437.643 0.00014000
437.669 0.00062000
437.726 0.10500000
437.731 0.00130000
437.884 0.00039000
437.896 0.00053000
437.959 0.00054000
437.994 0.00073000
438.014 0.00037000
438.14 0.22500000
438.186 0.66000000
438.201 0.00038000
438.402 0.00100000
438.466 0.01500000
438.611 0.00040000
438.711 0.09000000
438.748 0.00065000
438.784 0.02000000
438.84 0.18000000
438.944 0.00023000
439.041 0.00048000
439.058 0.00024000
439.111 1.00000000
439.116 0.00250000
439.261 0.00028000
439.305 0.06500000
439.484 0.00160000
439.489 0.22500000
439.648 0.22500000
439.726 0.00021000
439.775 0.00041000
439.791 0.22500000
439.802 0.00020000
439.884 0.00020000
439.903 0.00120000
439.909 0.18000000
440.039 0.13500000
440.065 0.00019000
440.105 0.00019000
440.121 0.00052000
440.166 0.06500000
440.199 0.06500000
440.273 0.00039000
440.492 0.00037000
440.572 0.00017000
440.633 0.00017000
440.643 0.00029000
440.667 0.00063000
440.678 0.00036000
440.7 0.00017000
440.751 0.00017000
440.901 0.00090000
441.041 0.09000000
441.049 0.00150000
441.164 0.09000000
441.253 0.22500000
441.274 0.27000000
441.28 0.00160000
441.289 0.18000000
441.337 0.13500000
441.462 0.00150000
441.485 0.00031000
441.559 0.00100000
441.624 0.33000000
441.703 0.00042000
441.866 0.18000000
441.901 0.10500000
441.932 0.00034000
441.977 0.00440000
442.074 0.00150000
442.166 0.00036000
442.183 0.00100000
442.278 0.13500000
442.353 0.00180000
442.372 0.02000000
442.39 0.00230000
442.393 0.18000000
442.512 0.00130000
442.598 0.13500000
442.605 0.00025000
442.765 0.18000000
442.779 0.00094000
442.926 0.10500000
442.959 0.00091000
443.163 0.00023000
443.242 0.00045000
443.296 0.55500000
443.301 0.00072000
443.305 0.00041000
443.372 0.00045000
443.406 0.00052000
443.433 0.00052000
443.452 0.00023000
443.483 0.09000000
443.605 0.18000000
443.614 0.00043000
443.628 0.18000000
443.638 0.00022000
443.655 0.22500000
443.772 0.00470000
443.907 0.00036000
443.912 0.45000000
444.057 0.33000000
444.087 0.45000000
444.115 0.00130000
444.161 0.00760000
444.19 0.00045000
444.237 0.00022000
444.309 0.22500000
444.498 0.18000000
444.674 0.00082000
444.68 0.00150000
444.779 0.00190000
444.783 0.27000000
444.813 0.00023000
444.855 0.10500000
445.105 0.06500000
445.279 0.00023000
445.329 0.00025000
445.451 0.18000000
445.504 0.09000000
445.529 0.00130000
445.542 0.00051000
445.558 0.00076000
445.571 0.00096000
445.671 0.09000000
445.708 0.00029000
445.744 0.00031000
445.753 0.00035000
445.874 0.01000000
446.106 0.22500000
446.153 0.08500000
446.17 0.10500000
446.308 0.00027000
446.319 0.00074000
446.414 0.00220000
446.534 0.66000000
446.583 0.00026000
446.593 0.00060000
446.975 0.00088000
447.0 0.00052000
447.176 0.00050000
447.177 0.10500000
447.198 0.10500000
447.21 0.00029000
447.228 0.00460000
447.407 0.22500000
447.522 0.10500000
447.916 0.09000000
448.081 0.01000000
448.091 0.00064000
448.118 0.06500000
448.164 0.13500000
448.41 0.00071000
448.424 0.00062000
448.429 0.10500000
448.58 0.22500000
448.663 0.00610000
448.75 0.45000000
448.831 0.06500000
448.862 0.00110000
448.866 0.00620000
448.868 0.55500000
448.952 0.06500000
448.961 0.00059000
448.994 0.00066000
449.02 0.00120000
449.035 0.06500000
449.138 0.06500000
449.17 0.00040000
449.177 0.00011000
449.188 0.04500000
449.223 0.18000000
449.365 0.00021000
449.407 0.00077000
449.496 0.10500000
449.524 0.06500000
449.549 0.06500000
449.632 0.27000000
449.81 0.00092000
449.897 0.02000000
449.938 0.01500000
449.97 0.00290000
450.118 0.00093000
450.463 0.13500000
450.607 0.00072000
450.75 0.13500000
450.804 0.09000000
450.816 0.04500000
450.864 0.18000000
450.884 0.00028000
450.958 0.00046000
451.053 0.66000000
451.094 0.00061000
451.248 0.09000000
451.283 0.00053000
451.704 0.09000000
451.828 0.00390000
451.834 0.00180000
451.864 0.04500000
451.962 0.00025000
451.973 0.00150000
451.979 0.00054000
452.003 0.00077000
452.095 0.06500000
452.275 0.00067000
452.278 0.00079000
452.443 0.00025000
452.456 0.00025000
452.484 0.00580000
452.509 0.00520000
452.603 0.06500000
452.744 0.00027000
452.771 0.00130000
452.841 0.00110000
452.897 0.00110000
452.907 0.00013000
452.938 0.00051000
452.948 0.06500000
453.066 0.00025000
453.119 0.00074000
453.161 0.00043000
453.171 0.06500000
453.226 0.18000000
453.243 0.00100000
453.324 0.01500000
453.33 0.27000000
453.412 0.22500000
453.571 0.00055000
453.643 0.00047000
453.707 0.22500000
453.719 0.00044000
453.818 0.00025000
453.884 0.00041000
454.007 0.00033000
454.009 0.00100000
454.041 0.18000000
454.057 0.00150000
454.121 0.13500000
454.162 0.18000000
454.243 0.00027000
454.321 0.06500000
454.386 0.10500000
454.451 0.18000000
454.49 0.06500000
454.527 0.00053000
454.535 0.00041000
454.582 0.00053000
454.905 0.00016000
455.038 0.00037000
455.043 0.09000000
455.12 0.00026000
455.154 0.00063000
455.236 0.00054000
455.303 0.06500000
455.312 0.00055000
455.316 0.00055000
455.384 0.06500000
455.408 0.00041000
455.456 0.00086000
455.466 0.00057000
455.479 0.00035000
455.506 0.06500000
455.681 0.09000000
455.803 0.06500000
456.039 0.00180000
456.149 0.01000000
456.244 0.00130000
456.256 0.00026000
456.263 0.00041000
456.322 0.10500000
456.329 0.04500000
456.362 0.00240000
456.373 0.00110000
456.418 0.09000000
456.625 0.00059000
456.628 0.00030000
456.665 0.13500000
456.724 0.04500000
456.824 0.00056000
456.903 0.00250000
456.957 0.00080000
456.981 0.00055000
457.061 0.09000000
457.122 0.01500000
457.294 0.00027000
457.37 0.09000000
457.523 0.00290000
457.543 0.09000000
457.627 0.00076000
457.654 0.00071000
457.696 0.00036000
457.9 0.00082000
457.929 0.06500000
458.076 0.00053000
458.123 0.06500000
458.158 0.13500000
458.182 0.00027000
458.243 0.00049000
458.278 0.04500000
458.365 0.04500000
458.416 0.00027000
458.437 0.10500000
458.606 0.01500000
458.627 0.00130000
458.662 0.06500000
458.721 0.00055000
458.776 0.00130000
458.823 0.09000000
458.835 0.00830000
458.912 0.09000000
458.927 0.03000000
458.944 0.00026000
458.967 0.09000000
458.984 0.00042000
459.278 0.00200000
459.328 0.06500000
459.351 0.00029000
459.355 0.00065000
459.398 0.00038000
459.475 0.00022000
459.694 0.09000000
459.736 0.00025000
459.766 0.00270000
459.792 0.00027000
459.805 0.00019000
459.894 0.00170000
459.935 0.06500000
459.952 0.00015000
460.195 0.00057000
460.289 0.10500000
460.391 0.00057000
460.416 0.00057000
460.465 0.00077000
460.523 0.00057000
460.63 0.00057000
460.65 0.09000000
460.937 0.13500000
460.952 0.00015000
461.063 0.01000000
461.186 0.22500000
461.217 0.00058000
461.326 0.00058000
461.347 0.00047000
461.36 0.01500000
461.376 0.00058000
461.388 0.00067000
461.398 0.04500000
461.948 0.10500000
461.956 0.06500000
461.963 0.00084000
462.073 0.00040000
462.285 0.00020000
462.34 0.00044000
462.389 0.06500000
462.414 0.06500000
462.505 0.09000000
462.549 0.00380000
462.613 0.00058000
462.661 0.00034000
462.682 0.00029000
462.75 0.00027000
462.763 0.00070000
462.901 0.00054000
462.938 0.00740000
462.977 0.06500000
463.036 0.00047000
463.102 0.00230000
463.135 0.00084000
463.176 0.33000000
463.204 0.00048000
463.384 0.09000000
463.909 0.00050000
463.97 0.22500000
463.99 0.00730000
464.005 0.22500000
464.118 0.00140000
464.144 0.00065000
464.205 0.00071000
464.227 0.00033000
464.289 0.00049000
464.55 0.06500000
464.614 0.00049000
464.791 0.04500000
464.885 0.00060000
465.076 0.00058000
465.082 0.00990000
465.092 0.06500000
465.156 0.66000000
465.199 0.13500000
465.242 0.00094000
465.285 0.00120000
465.309 0.00059000
465.331 0.00280000
465.48 0.00076000
465.573 0.00066000
465.675 0.00130000
465.849 0.00660000
465.873 0.00130000
465.98 0.00320000
465.985 0.00064000
466.138 0.00087000
466.142 0.00150000
466.337 0.00058000
466.454 0.00056000
466.595 0.00061000
466.601 0.18000000
466.699 0.00290000
466.967 0.00360000
467.089 0.00035000
467.381 0.00021000
467.473 0.00040000
467.482 0.00041000
467.529 0.00045000
467.593 0.00110000
467.63 0.01500000
467.651 0.04500000
467.668 0.00052000
467.694 0.00170000
467.82 0.00077000
467.859 0.00060000
467.863 0.00120000
467.905 0.00056000
468.065 0.09000000
468.116 0.00078000
468.165 0.00074000
468.353 0.00034000
468.413 0.00036000
468.544 0.00019000
468.55 0.00057000
468.583 0.00064000
468.597 0.00069000
468.657 0.04500000
468.828 0.00087000
468.917 0.22500000
468.96 0.00033000
469.033 0.00210000
469.068 0.06500000
469.105 0.06500000
469.16 0.00470000
469.409 0.33000000
469.428 0.00038000
469.478 0.00210000
469.484 0.00041000
469.492 0.06500000
469.584 0.00040000
469.877 0.04500000
469.909 0.00037000
469.966 0.00058000
470.014 0.13500000
470.057 0.00032000
470.231 0.09000000
470.236 0.00150000
470.34 0.00094000
470.358 0.00031000
470.466 0.00130000
470.507 0.00022000
470.53 0.00150000
470.562 0.00630000
470.576 0.22500000
470.625 0.00690000
470.759 0.00036000
470.81 0.00270000
470.96 0.00062000
471.114 0.00062000
471.239 0.09000000
471.384 0.00036000
471.487 0.00036000
471.543 0.06500000
471.6 0.09000000
471.661 0.00061000
471.728 0.00029000
471.862 0.18000000
471.925 0.00140000
471.998 0.09000000
472.188 0.00048000
472.295 0.00027000
472.297 0.00057000
472.344 0.10500000
472.378 0.27000000
472.416 0.00058000
472.455 0.00058000
472.477 0.13500000
472.483 0.00220000
472.531 0.00089000
472.577 0.00042000
472.594 0.00077000
472.625 0.00059000
472.634 0.00220000
472.646 0.06500000
472.908 0.01500000
472.988 0.13500000
473.088 0.00220000
473.267 0.04500000
473.302 0.00091000
473.416 0.00044000
473.463 0.00036000
473.476 0.00084000
473.524 0.00060000
473.57 0.00060000
473.578 0.00033000
473.6 0.00710000
473.64 0.00064000
473.766 0.00150000
473.986 0.00120000
474.053 0.45000000
474.138 0.00170000
474.227 0.09000000
474.289 0.00019000
474.369 0.00950000
474.484 0.00067000
474.673 0.00049000
474.756 0.00053000
474.859 0.00200000
474.92 0.04500000
475.112 0.00060000
475.133 0.00067000
475.241 0.45000000
475.381 0.00033000
475.44 0.00052000
475.662 0.00072000
475.959 0.00180000
476.005 0.00053000
476.094 0.00076000
476.111 0.27000000
476.135 0.00032000
476.163 0.02000000
476.186 0.00140000
476.252 0.00290000
476.34 0.02000000
476.372 0.00057000
476.389 0.00029000
476.566 0.00083000
476.602 0.02000000
476.61 0.00014000
476.638 0.00027000
476.696 0.00130000
476.748 0.00035000
476.787 0.00025000
476.806 0.00360000
476.817 0.00270000
476.876 0.00078000
476.943 0.00025000
476.955 0.00130000
477.075 0.00062000
477.094 0.02000000
477.112 0.00024000
477.187 0.00017000
477.195 0.00024000
477.31 0.00140000
477.348 0.02000000
477.396 0.00024000
477.399 0.00024000
477.425 0.22500000
477.433 0.00049000
477.45 0.00049000
477.507 0.00021000
477.536 0.00072000
477.735 0.02000000
477.765 0.00052000
477.855 0.00023000
477.892 0.00025000
477.959 0.04500000
478.069 0.00190000
478.158 0.00084000
478.22 0.00057000
478.276 0.09000000
478.317 0.02000000
478.364 0.00360000
478.391 0.00100000
478.457 0.00034000
478.493 0.00098000
478.53 0.02000000
478.572 0.00019000
478.692 0.00079000
478.737 0.00130000
478.782 0.00084000
478.838 0.00058000
478.99 0.00037000
479.015 0.02000000
479.044 0.00300000
479.152 0.00390000
479.199 0.00065000
479.367 0.00059000
479.418 0.00028000
479.492 0.00059000
479.645 0.02000000
479.651 0.02000000
479.742 0.00042000
479.757 0.00046000
479.916 0.02000000
479.976 0.00110000
480.005 0.00084000
480.017 0.06500000
480.195 0.00036000
480.242 0.00029000
480.261 0.02000000
480.349 0.18000000
480.396 0.04500000
480.454 0.00025000
480.529 0.02000000
480.555 0.00060000
480.588 0.00062000
480.597 0.00097000
480.606 0.06500000
480.708 0.00037000
480.755 0.00035000
481.137 0.00065000
481.187 0.00110000
481.203 0.00120000
481.245 0.00031000
481.256 0.00031000
481.271 0.00019000
481.359 0.02000000
481.593 0.02000000
481.613 0.00032000
481.686 0.00230000
481.732 0.00037000
481.783 0.00110000
481.865 0.10500000
481.902 0.00082000
481.951 0.00300000
482.104 0.02000000
482.127 0.04500000
482.201 0.00290000
482.312 0.00200000
482.318 0.06500000
482.332 0.00091000
482.369 0.00150000
482.4 0.02000000
482.404 0.00029000
482.465 0.00360000
482.847 0.00120000
482.895 0.00036000
482.989 0.00062000
483.165 0.02000000
483.28 0.27000000
483.383 0.00820000
483.387 0.02000000
483.403 0.00048000
483.618 0.00130000
483.77 0.00089000
483.835 0.18000000
483.91 0.00019000
483.956 0.02000000
483.974 0.00170000
484.047 0.27000000
484.047 0.02000000
484.104 0.02000000
484.132 0.00066000
484.138 0.00032000
484.181 0.00093000
484.256 0.00032000
484.381 0.02000000
484.417 0.22500000
484.426 0.00110000
484.476 0.06500000
484.594 0.00110000
484.789 0.00076000
484.883 0.00050000
484.904 0.18000000
484.914 0.03000000
484.942 0.00056000
484.945 0.00140000
485.003 0.00140000
485.044 0.27000000
485.08 0.00017000
485.191 0.00068000
485.465 0.00060000
485.628 0.00200000
485.696 0.00057000
485.716 0.00120000
485.809 0.00470000
485.824 0.02000000
485.833 0.22500000
486.026 0.00250000
486.042 0.00240000
486.159 0.00240000
486.193 0.00096000
486.213 0.00076000
486.22 0.02000000
486.316 0.28500000
486.317 0.45000000
486.548 0.60000000
486.703 0.00058000
486.827 0.10500000
487.129 0.05000000
487.214 0.00210000
487.227 0.01000000
487.254 0.00094000
487.294 0.03500000
487.297 0.02000000
487.335 0.00077000
487.403 0.00086000
487.415 0.00170000
487.607 0.00200000
487.7 0.27000000
487.742 0.00036000
487.77 0.00048000
487.781 0.13500000
487.916 0.06500000
487.919 0.02000000
487.935 0.10500000
488.023 0.00077000
488.107 0.00070000
488.111 0.02000000
488.191 0.00055000
488.245 0.45000000
488.455 0.00320000
488.468 0.00061000
488.553 0.00034000
488.554 0.00083000
488.598 0.00130000
488.836 0.00066000
488.85 0.00066000
488.986 0.00260000
489.044 0.06500000
489.276 0.01000000
489.352 0.00031000
489.435 0.02000000
489.44 0.00031000
489.495 0.22500000
489.566 0.06500000
489.626 0.00013000
489.793 0.00060000
489.846 0.27000000
489.88 0.22500000
489.915 0.06500000
489.924 0.01500000
490.018 0.00064000
490.26 0.00470000
490.313 0.00089000
490.331 0.00020000
490.606 0.00018000
490.721 0.01000000
491.032 0.00096000
491.042 0.02000000
491.055 0.00310000
491.114 0.18000000
491.145 0.09000000
491.253 0.27000000
491.412 0.10500000
491.747 0.00079000
491.753 0.00610000
491.982 1.00000000
492.053 0.00940000
492.056 0.00410000
492.084 0.00025000
492.09 0.00018000
492.161 0.45000000
492.166 0.00180000
492.188 0.02000000
492.234 0.00043000
492.294 0.22500000
492.343 0.00027000
492.369 0.00059000
492.442 0.18000000
492.48 0.00130000
492.5 0.09000000
492.534 0.00130000
492.543 0.09000000
492.579 0.06500000
492.625 0.00330000
492.751 0.00048000
492.758 0.00180000
492.776 0.00460000
492.778 0.10500000
492.86 0.00170000
492.937 0.00150000
492.969 0.00042000
492.999 0.22500000
493.105 0.00200000
493.234 0.00084000
493.259 0.00061000
493.348 0.00190000
493.357 0.00270000
493.385 0.18000000
493.453 0.00070000
493.475 0.00019000
493.709 0.00004600
493.74 0.00062000
493.796 0.00062000
493.829 0.00180000
493.86 0.00340000
493.981 0.00160000
493.995 0.00039000
494.006 0.00110000
494.162 0.00029000
494.262 0.00093000
494.285 0.00130000
494.371 0.01500000
494.525 0.00060000
494.546 0.13500000
494.586 0.00130000
494.758 0.22500000
494.996 0.00066000
495.017 0.00120000
495.063 0.22500000
495.139 0.00023000
495.183 0.00045000
495.252 0.00009100
495.434 0.00050000
495.456 0.00860000
495.466 0.22500000
495.596 0.00061000
495.637 0.00029000
495.684 0.00150000
495.872 0.09000000
495.897 0.00030000
495.944 0.00091000
495.974 0.00030000
496.049 0.10500000
496.296 0.10500000
496.319 0.22500000
496.355 0.00110000
496.379 0.00150000
496.412 0.27000000
496.498 0.00100000
496.706 0.00180000
496.765 0.00230000
496.838 0.00075000
496.876 0.22500000
496.913 0.06500000
497.003 0.22500000
497.119 0.00064000
497.218 0.18000000
497.226 0.00400000
497.261 0.06500000
497.268 0.00080000
497.305 0.00280000
497.309 0.00170000
497.339 0.22500000
497.343 0.00280000
497.36 0.00170000
497.377 0.00170000
497.444 0.00034000
497.474 0.00034000
497.499 0.00029000
497.557 0.00120000
497.595 0.22500000
497.659 0.18000000
497.803 0.00094000
497.831 0.00096000
497.914 0.00260000
497.944 0.00052000
497.956 0.00120000
497.998 0.00160000
498.095 0.18000000
498.123 0.00170000
498.43 0.00058000
498.603 0.00230000
498.605 0.00066000
498.633 0.00150000
498.715 0.33000000
498.877 0.00088000
499.003 0.10500000
499.047 0.00033000
499.101 0.00470000
499.193 0.00140000
499.227 0.00091000
499.394 0.00110000
499.53 0.00210000
499.687 0.00200000
499.698 0.00120000
499.733 0.06500000
499.767 0.00340000
499.782 0.00470000
499.911 0.00160000
499.994 0.18000000
500.257 0.00140000
500.35 0.00100000
500.574 0.00110000
500.682 0.00150000
500.738 0.00096000
500.819 0.18000000
500.838 0.00040000
500.908 0.00070000
500.945 0.04500000
500.998 0.13500000
501.36 0.00074000
501.399 0.00030000
501.589 0.22500000
501.725 1.00000000
501.751 0.01500000
501.822 0.00058000
501.932 0.06500000
501.961 0.00059000
502.041 0.00150000
502.055 0.22500000
502.176 0.00100000
502.305 0.13500000
502.371 0.01000000
502.586 0.04500000
502.608 0.00017000
502.624 0.00022000
502.861 0.88500000
502.963 0.22500000
503.181 0.00240000
503.237 0.00033000
503.331 0.00120000
503.39 0.00082000
503.527 0.00046000
503.534 0.00370000
503.728 0.00110000
503.773 0.00077000
504.055 0.00440000
504.056 0.00310000
504.112 0.02500000
504.31 0.00022000
504.351 0.01000000
504.472 0.18000000
504.477 0.02500000
504.743 0.18000000
504.98 0.66000000
504.998 0.00350000
505.118 0.00039000
505.134 0.06500000
505.217 0.00089000
505.331 0.00200000
505.403 0.00160000
505.535 0.04500000
505.631 0.00067000
505.645 0.00077000
505.785 0.00094000
505.856 0.27000000
505.859 0.00850000
506.122 0.27000000
506.282 0.00050000
506.357 0.00073000
506.433 0.18000000
506.614 0.03000000
506.684 0.00070000
506.766 0.00056000
506.767 0.00065000
506.824 0.02000000
506.986 0.00021000
507.175 0.00130000
507.233 0.02000000
507.248 0.00057000
507.263 0.10500000
507.309 0.00066000
507.398 0.00033000
507.465 0.00380000
507.547 0.13500000
507.614 0.00036000
507.62 0.02000000
507.914 0.10500000
508.108 0.00038000
508.47 0.02500000
508.512 0.04500000
508.53 0.01500000
508.75 0.00054000
508.829 0.00059000
508.922 0.09000000
509.055 0.02000000
509.309 0.06500000
509.411 0.00600000
509.455 0.00150000
509.658 0.00074000
509.804 0.22500000
509.866 0.00083000
509.94 0.00066000
510.057 0.01000000
510.074 0.00140000
510.113 0.02000000
510.377 0.13500000
510.457 0.00200000
510.632 0.00062000
510.724 0.00066000
510.826 0.09000000
510.874 0.02000000
511.086 0.22500000
511.338 0.13500000
511.407 0.00120000
511.439 0.00061000
511.956 0.02000000
512.169 0.00066000
512.232 0.00068000
512.245 0.00078000
512.29 0.00065000
512.313 0.00230000
512.316 0.00065000
512.348 0.00020000
512.443 0.00085000
512.595 0.03500000
512.985 0.00180000
512.999 0.00120000
513.023 0.00630000
513.107 0.22500000
513.149 0.00110000
513.224 0.10500000
513.311 0.00760000
513.392 0.00037000
513.475 0.05000000
513.523 0.00270000
513.73 0.00036000
513.754 0.00075000
513.977 0.00014000
514.006 0.00023000
514.072 0.13500000
514.327 0.22500000
514.415 0.00034000
514.504 0.10500000
514.709 0.00057000
514.746 0.00026000
514.796 0.00033000
514.821 0.27000000
515.07 0.00380000
515.073 0.00075000
515.169 0.00200000
515.186 0.04500000
515.343 0.00050000
515.352 0.00160000
515.36 0.00015000
515.424 0.18000000
515.49 0.00290000
515.916 0.00039000
515.962 0.00970000
515.978 0.02000000
516.069 0.27000000
516.154 0.04500000
516.688 0.00140000
516.692 0.06500000
516.968 0.00062000
517.022 0.13500000
517.292 0.00210000
517.424 0.10500000
517.458 0.00066000
517.507 0.00073000
517.673 0.00100000
517.708 0.00340000
517.71 0.02000000
518.0 0.00023000
518.199 0.00097000
518.253 0.10500000
518.329 0.00063000
518.399 0.13500000
518.464 0.00120000
518.473 0.06500000
518.537 0.00650000
518.609 0.00018000
518.747 0.09000000
518.795 0.00200000
518.837 0.13500000
518.968 0.13500000
519.087 0.22500000
519.153 0.00920000
519.241 0.00044000
519.275 0.00170000
519.383 0.18000000
519.414 0.00028000
519.425 0.00036000
519.528 0.00038000
519.604 0.00096000
519.652 0.00025000
519.657 0.00031000
519.769 0.00024000
519.884 0.33000000
520.201 0.00570000
520.385 0.10500000
520.499 0.00130000
520.578 0.18000000
520.65 0.13500000
520.666 0.09000000
521.057 0.00220000
521.158 0.00090000
521.235 0.00150000
521.416 0.09000000
521.497 0.00640000
521.66 0.27000000
521.853 0.22500000
521.996 0.00130000
522.412 0.00140000
522.507 0.00067000
522.558 0.06500000
522.656 0.00063000
522.765 0.00045000
523.116 0.27000000
523.172 0.00058000
523.201 0.10500000
523.298 0.02000000
523.323 0.27000000
523.411 0.00840000
523.572 0.00064000
523.643 0.00100000
523.674 0.00088000
523.763 0.00180000
523.79 0.22500000
524.02 0.22500000
524.209 0.06500000
524.411 0.00063000
524.687 0.00081000
524.765 0.45000000
524.886 0.00055000
524.966 0.00054000
524.985 0.00035000
525.087 0.00410000
525.193 0.00071000
525.228 0.00054000
525.257 0.00079000
525.276 0.00075000
525.325 0.00088000
525.344 0.13500000
525.394 0.00034000
525.411 0.00340000
525.597 0.00062000
525.847 0.00130000
525.878 0.00028000
525.958 0.00110000
525.978 0.00390000
526.086 0.00031000
526.313 0.00025000
526.496 0.00150000
526.703 0.00065000
526.736 0.00160000
526.874 0.00260000
526.893 0.00032000
526.939 0.00087000
526.964 0.00047000
527.012 0.00032000
527.074 0.00034000
527.162 0.00032000
527.209 0.00054000
527.264 0.13500000
527.439 0.00330000
527.545 0.00052000
527.578 0.00052000
527.627 0.00037000
527.641 0.09000000
527.721 0.00089000
527.75 0.33000000
527.823 0.00036000
527.838 0.00024000
528.009 0.13500000
528.028 0.00120000
528.107 0.03500000
528.43 0.00024000
528.454 0.10500000
528.476 0.00160000
528.796 0.00068000
528.95 0.00120000
528.99 0.13500000
529.065 0.00065000
529.113 0.00077000
529.19 0.00130000
529.292 0.00430000
529.483 0.00059000
529.668 0.00300000
529.828 0.08500000
529.979 0.00037000
530.066 0.00160000
530.097 0.00044000
530.14 0.27000000
530.165 0.00065000
530.305 0.00590000
530.462 0.10500000
530.468 0.00260000
530.55 0.00068000
530.558 0.22500000
530.603 0.00015000
530.747 0.22500000
530.771 0.00033000
530.815 0.00072000
530.843 0.00230000
530.973 0.00100000
531.01 0.00073000
531.027 0.27000000
531.087 0.00370000
531.2 0.18000000
531.278 0.00780000
531.361 0.00160000
531.576 0.00017000
531.843 0.18000000
532.049 0.00034000
532.077 0.18000000
532.099 0.00140000
532.243 0.00073000
532.246 0.00054000
532.385 0.02000000
532.404 0.00055000
532.465 0.00390000
532.514 0.33000000
532.543 0.02000000
532.556 0.00061000
532.698 0.22500000
532.937 0.18000000
532.976 0.00520000
533.123 0.00035000
533.316 0.00270000
533.678 0.00230000
533.702 0.01000000
533.71 0.00068000
533.821 0.00290000
533.996 0.00069000
534.05 0.01500000
534.121 0.00180000
534.237 0.00033000
534.33 0.00250000
534.424 0.00063000
534.5 0.00240000
534.552 0.00040000
534.638 0.13500000
534.701 0.00100000
534.704 0.22500000
534.743 0.00060000
534.901 0.00730000
534.94 0.00014000
535.05 0.00030000
535.132 0.00150000
535.145 0.00120000
535.161 0.00060000
535.233 0.00046000
535.475 0.00030000
535.62 0.00046000
535.646 0.00073000
535.745 0.00014000
535.783 0.00076000
535.842 0.00034000
535.943 0.00044000
536.015 0.05000000
536.141 0.13500000
536.177 0.00030000
536.225 0.09000000
536.258 0.02000000
536.361 0.10500000
536.417 0.00080000
536.436 0.00024000
536.917 0.00190000
536.989 0.00110000
537.071 0.01500000
537.112 0.00150000
537.24 0.00033000
537.246 0.00120000
537.294 0.00076000
537.315 0.00068000
537.322 0.00140000
537.535 0.22500000
537.577 0.22500000
537.613 0.13500000
537.675 0.13500000
537.911 0.09000000
538.021 0.00170000
538.137 0.00410000
538.293 0.27000000
538.375 0.00038000
538.404 0.18000000
538.516 0.00040000
538.573 0.00200000
538.642 0.00110000
538.648 0.00220000
538.679 0.04500000
538.891 0.00280000
538.913 0.00450000
538.946 0.00190000
538.991 0.00052000
539.02 0.00250000
539.047 0.40500000
539.066 0.00024000
539.108 0.00640000
539.194 0.00045000
539.236 0.00110000
539.257 0.22500000
539.311 0.00200000
539.318 0.00330000
539.654 0.00045000
539.671 0.00068000
539.69 0.00042000
539.892 0.18000000
540.086 0.00019000
540.278 0.00023000
540.47 0.00077000
540.521 0.00160000
540.633 0.00091000
540.708 0.00048000
540.765 0.18000000
541.026 0.00250000
541.1 0.00047000
541.222 0.00610000
541.281 0.00085000
541.314 0.00015000
541.381 0.00450000
541.452 0.00270000
541.543 0.45000000
541.822 0.00130000
541.966 0.00054000
542.038 0.00007400
542.121 0.00170000
542.184 0.18000000
542.401 0.06500000
542.414 0.06500000
542.48 0.00015000
542.568 0.33000000
542.626 0.00130000
542.653 0.00023000
542.784 0.00025000
542.791 0.00099000
542.805 0.00210000
542.896 0.00270000
543.142 0.00110000
543.177 0.00270000
543.258 0.00240000
543.329 0.09000000
543.37 0.13500000
543.495 0.00090000
543.512 0.18000000
543.572 0.00460000
543.589 0.33000000
543.633 0.00030000
543.65 0.00200000
543.739 0.22500000
543.825 0.00110000
544.012 0.00060000
544.13 0.00089000
544.294 0.00017000
544.312 0.22500000
544.383 0.00130000
544.4 0.00053000
544.437 0.00053000
544.459 0.00036000
544.479 0.00092000
544.602 0.00130000
544.681 0.00130000
544.715 0.18000000
544.731 0.00980000
544.948 0.27000000
544.99 0.00240000
545.088 0.00087000
545.233 0.00340000
545.252 0.00120000
545.336 0.00043000
545.561 0.00200000
545.729 0.01000000
545.809 0.00074000
545.84 0.00085000
545.881 0.00020000
545.897 0.05000000
546.035 0.00022000
546.046 0.00038000
546.116 0.00096000
546.14 0.00029000
546.164 0.00067000
546.174 0.27000000
546.189 0.00370000
546.261 0.27000000
546.332 0.00370000
546.421 0.04000000
546.479 0.00015000
546.527 0.00083000
546.627 0.00073000
546.669 0.00037000
546.874 0.00051000
546.971 0.00036000
547.094 0.00270000
547.139 0.00082000
547.254 0.00160000
547.341 0.00240000
547.362 0.00053000
547.412 0.00014000
547.473 0.01000000
547.486 0.22500000
547.705 0.00130000
547.969 0.00063000
548.089 0.13500000
548.148 0.00170000
548.196 0.00140000
548.24 0.00093000
548.335 0.00180000
548.412 0.00190000
548.415 0.27000000
548.427 0.00290000
548.462 0.00058000
548.618 0.00028000
548.692 0.00430000
548.713 0.00044000
548.743 0.00021000
548.797 0.00170000
548.852 0.00047000
548.863 0.22500000
548.893 0.13500000
548.945 0.00072000
548.962 0.00250000
549.153 0.00084000
549.206 0.00150000
549.393 0.00050000
549.456 0.00420000
549.581 0.13500000
549.646 0.00045000
549.775 0.00087000
550.013 0.00270000
550.154 0.00590000
550.194 0.22500000
550.203 0.00048000
550.496 0.00078000
550.633 0.00077000
550.754 0.02500000
550.796 0.00280000
551.068 0.10500000
551.219 0.00170000
551.387 0.00170000
551.444 0.00084000
551.474 0.00210000
551.487 0.10500000
551.78 0.00110000
551.872 0.00110000
552.034 0.00087000
552.075 0.00190000
552.096 0.00035000
552.145 0.00082000
552.175 0.09000000
552.343 0.00400000
552.395 0.00082000
552.422 0.18000000
552.463 0.18000000
552.8 0.09000000
552.965 0.00100000
552.978 0.00039000
553.008 0.00350000
553.07 0.18000000
553.218 0.00280000
553.278 0.00360000
553.315 0.10500000
553.713 0.22500000
553.766 0.00018000
553.849 0.00520000
553.861 0.02000000
553.991 0.40500000
554.01 0.00180000
554.038 0.00025000
554.247 0.00130000
554.276 0.00092000
554.337 0.00048000
554.367 0.00051000
554.44 0.00100000
554.454 0.00055000
554.488 0.00028000
554.532 0.00100000
554.612 0.18000000
554.649 0.00050000
554.782 0.00087000
554.852 0.00580000
555.137 0.22500000
555.152 0.00072000
555.262 0.01500000
555.335 0.00019000
555.511 0.00025000
555.615 0.00710000
555.731 0.18000000
555.914 0.00270000
555.989 0.13500000
556.005 0.00420000
556.034 0.00130000
556.055 0.00045000
556.337 0.00200000
556.42 0.27000000
556.437 0.00290000
556.501 0.09000000
556.511 0.00057000
556.673 0.00067000
556.739 0.00040000
556.801 0.01000000
557.387 0.00250000
557.488 0.00110000
557.526 0.00044000
557.62 0.07000000
557.631 0.00480000
557.651 0.00045000
557.749 0.00480000
557.79 0.00610000
558.128 0.00076000
558.287 0.00900000
558.307 0.00038000
558.376 0.22500000
558.417 0.00240000
558.512 0.00074000
558.588 0.00110000
558.645 0.00730000
558.666 0.00140000
558.774 0.22500000
558.786 0.00050000
558.866 0.22500000
558.887 0.00640000
558.967 0.00034000
559.112 0.00019000
559.127 0.00059000
559.212 0.00060000
559.28 0.00100000
559.327 0.00400000
559.348 0.00350000
559.361 0.22500000
559.458 0.00530000
559.561 0.00590000
559.585 0.01000000
559.615 0.00290000
559.684 0.00280000
559.93 0.00450000
560.047 0.02000000
560.114 0.00081000
560.16 0.13500000
560.376 0.00660000
560.452 0.27000000
560.467 0.00400000
560.525 0.00400000
560.53 0.01000000
560.654 0.00230000
560.81 0.00230000
560.93 0.00620000
561.114 0.00030000
561.178 0.00091000
561.207 0.09000000
561.244 0.00250000
561.262 0.01500000
561.419 0.00095000
561.434 0.00096000
561.501 0.00330000
561.532 0.22500000
561.564 0.00490000
561.573 0.01000000
561.644 0.00078000
561.65 0.00190000
561.669 0.00740000
561.722 0.00074000
561.893 0.00170000
561.942 0.00063000
561.953 0.00038000
562.002 0.00720000
562.092 0.00510000
562.179 0.00350000
562.415 0.00350000
562.447 0.00053000
562.55 0.00031000
562.606 0.00500000
562.674 0.00410000
562.857 0.00032000
562.862 0.00110000
562.896 0.00033000
562.917 0.00110000
562.973 0.00075000
562.986 0.00075000
563.023 0.00190000
563.041 0.00390000
563.059 0.00110000
563.111 0.00110000
563.204 0.00570000
563.287 0.00920000
563.365 0.00180000
563.409 0.00110000
563.422 0.00590000
563.518 0.00240000
563.541 0.00079000
563.946 0.00500000
563.975 0.27000000
564.008 0.02000000
564.36 0.00033000
564.423 0.00032000
564.508 0.00064000
564.585 0.00410000
564.589 0.27000000
564.636 0.00250000
564.711 0.00061000
564.771 0.00640000
564.788 0.00028000
564.886 0.00240000
564.899 0.05000000
564.922 0.00058000
564.929 0.00320000
565.145 0.00055000
565.216 0.00140000
565.243 0.00055000
565.266 0.00110000
565.29 0.18000000
565.321 0.00056000
565.392 0.00027000
565.402 0.18000000
565.461 0.00032000
565.521 0.00071000
565.718 0.00500000
565.73 0.00074000
566.002 0.00240000
566.304 0.01500000
566.344 0.02000000
566.345 0.00260000
566.462 0.02000000
566.5 0.00250000
566.563 0.22500000
566.577 0.00061000
566.834 0.00099000
566.879 0.00030000
566.889 0.00092000
566.923 0.00029000
566.984 0.00620000
567.067 0.00035000
567.412 0.00059000
567.503 0.18000000
567.705 0.09000000
567.9 0.01000000
568.049 0.00065000
568.125 0.00260000
568.224 0.00130000
568.244 0.00160000
568.417 0.00063000
568.768 0.00310000
568.893 0.00640000
569.109 0.00630000
569.163 0.00450000
569.18 0.00060000
569.285 0.00047000
569.294 0.00024000
569.608 0.00061000
569.829 0.01500000
569.922 0.00150000
569.938 0.00042000
570.006 0.00090000
570.046 0.18000000
570.052 0.02000000
570.07 0.18000000
570.092 0.27000000
570.327 0.00220000
570.394 0.00260000
570.614 0.00140000
570.71 0.45000000
570.91 0.00083000
571.259 0.00240000
571.352 0.00082000
571.383 0.00027000
571.489 0.00032000
571.553 0.01500000
571.733 0.00140000
572.018 0.40500000
572.095 0.00047000
572.162 0.00050000
572.166 0.00025000
572.501 0.13500000
572.558 0.10500000
573.147 0.00030000
573.298 0.22500000
573.31 0.00510000
573.453 0.00026000
573.614 0.00110000
573.831 0.00680000
573.852 0.00026000
573.882 0.00079000
574.096 0.00730000
574.117 0.22500000
574.138 0.00400000
574.183 0.04000000
574.208 0.27000000
574.266 0.00150000
574.381 0.00057000
574.568 0.13500000
574.752 0.00520000
574.901 0.00600000
574.916 0.00120000
574.939 0.27000000
574.958 0.04500000
574.973 0.00450000
575.012 0.00080000
575.056 0.00990000
575.117 0.00078000
575.23 0.00190000
575.303 0.18000000
575.455 0.00280000
575.484 0.00120000
575.71 0.00280000
575.756 0.00033000
575.766 0.00120000
575.892 0.00180000
575.919 0.00064000
576.055 0.27000000
576.102 0.00120000
576.21 0.00089000
576.224 0.00089000
576.353 0.10500000
576.364 0.00330000
576.477 0.00031000
576.57 0.00020000
576.595 0.00340000
576.647 0.00099000
576.746 0.00150000
577.014 0.00140000
577.114 0.00850000
577.253 0.00170000
577.407 0.00290000
577.504 0.00082000
577.58 0.00039000
577.617 0.00990000
577.71 0.00240000
577.808 0.00630000
577.975 0.00120000
578.044 0.00068000
578.204 0.00044000
578.224 0.00870000
578.231 0.01500000
578.25 0.00037000
578.321 0.00190000
578.376 0.00036000
578.439 0.00033000
578.486 0.18000000
578.666 0.00120000
578.754 0.00390000
578.819 0.00390000
579.014 0.00110000
579.243 0.10500000
579.438 0.00730000
579.596 0.00099000
579.642 0.22500000
579.891 0.00066000
580.181 0.00052000
580.224 0.00770000
580.239 0.00310000
580.414 0.27000000
580.459 0.00028000
580.628 0.00490000
580.808 0.00079000
580.898 0.00110000
580.941 0.00074000
581.097 0.00220000
581.184 0.00250000
581.211 0.00028000
581.286 0.00094000
581.297 0.03000000
581.353 0.00023000
581.542 0.40500000
581.699 0.00220000
581.732 0.00150000
581.773 0.00300000
581.99 0.00300000
582.017 0.00280000
582.038 0.00340000
582.252 0.00210000
582.677 0.00021000
582.887 0.00083000
582.911 0.00460000
583.049 0.00280000
583.083 0.01000000
583.192 0.00058000
583.294 0.00028000
583.588 0.00140000
583.668 0.00023000
583.748 0.02000000
583.895 0.27000000
583.959 0.00510000
584.205 0.00350000
584.301 0.00042000
584.315 0.00460000
585.0 0.00028000
585.026 0.00035000
585.122 0.00095000
585.218 0.00075000
585.268 0.06000000
585.306 0.00140000
585.347 0.03000000
585.377 0.00058000
585.502 0.00035000
585.638 0.00063000
585.875 0.00720000
585.953 0.04500000
585.967 0.27000000
586.088 0.00028000
586.212 0.00049000
586.735 0.02000000
586.762 0.00059000
587.005 0.00360000
587.055 0.22500000
587.145 0.00061000
587.231 0.02000000
587.26 0.00880000
587.435 0.00430000
587.528 0.00030000
587.55 0.00040000
587.557 0.00023000
587.719 0.00054000
587.905 0.00066000
587.948 0.00170000
588.141 0.00069000
588.362 0.03500000
588.403 0.00430000
588.418 0.00072000
588.55 0.00720000
588.635 0.00280000
588.781 0.00031000
588.826 0.18000000
589.145 0.08500000
589.347 0.18000000
589.562 0.00210000
589.636 0.00830000
589.941 0.13500000
589.984 0.02000000
590.175 0.02000000
590.2 0.00059000
590.334 0.00210000
590.416 0.18000000
590.518 0.00470000
590.632 0.00081000
590.824 0.00150000
590.84 0.00770000
590.893 0.04500000
591.004 0.00150000
591.051 0.00150000
591.136 0.00160000
591.21 0.00120000
591.439 0.27000000
591.635 0.00030000
591.881 0.00480000
592.439 0.00450000
592.589 0.22500000
592.623 0.08000000
592.678 0.00098000
592.694 0.00150000
592.795 0.00030000
592.812 0.00110000
592.914 0.00030000
592.948 0.10500000
593.096 0.00062000
593.213 0.00140000
593.243 0.00590000
593.27 0.02000000
593.471 0.00029000
593.66 0.00029000
593.687 0.00560000
593.846 0.06500000
593.858 0.13500000
594.212 0.00100000
594.236 0.00720000
594.28 0.18000000
594.405 0.00058000
594.411 0.00028000
594.465 0.06500000
594.502 0.00026000
594.518 0.00028000
594.562 0.00028000
594.692 0.00028000
594.856 0.00049000
595.077 0.00440000
595.089 0.00058000
595.229 0.00012000
595.235 0.00150000
595.594 0.00044000
595.68 0.00035000
595.709 0.00060000
595.774 0.00150000
595.807 0.00090000
595.874 0.00190000
595.973 0.00440000
596.037 0.06500000
596.196 0.18000000
596.218 0.00220000
597.188 0.00077000
597.279 0.00110000
597.366 0.22500000
597.486 0.00250000
597.612 0.00034000
597.62 0.00310000
597.644 0.00100000
597.807 0.00170000
598.138 0.00035000
598.188 0.00590000
598.223 0.00160000
598.4 0.00130000
598.521 0.00130000
598.904 0.45000000
598.92 0.02000000
598.989 0.00039000
598.999 0.00039000
599.026 0.00110000
599.171 0.00085000
599.327 0.00130000
599.413 0.22500000
599.522 0.00580000
599.663 0.02000000
599.866 0.00160000
600.094 0.00700000
600.173 0.00820000
600.516 0.07500000
600.759 0.00200000
600.911 0.00220000
601.002 0.00250000
601.016 0.06500000
601.134 0.00580000
601.135 0.00960000
601.542 0.22500000
601.577 0.00034000
601.899 0.18000000
601.922 0.00033000
602.05 0.00200000
602.104 0.13500000
602.141 0.00630000
602.215 0.00130000
602.222 0.00280000
602.493 0.00280000
602.562 0.00130000
602.748 0.00170000
602.795 0.00065000
602.886 0.00330000
603.081 0.00033000
603.191 0.00330000
603.232 0.00580000
603.237 0.00730000
603.243 0.02000000
603.267 0.02000000
603.414 0.00033000
603.454 0.00400000
603.676 0.00500000
603.77 0.18000000
603.831 0.00100000
604.012 0.00100000
604.109 0.00091000
604.143 0.00030000
604.163 0.00170000
604.296 0.00430000
604.443 0.27000000
604.547 0.00069000
604.817 0.00110000
604.905 0.13500000
604.977 0.00410000
604.993 0.00330000
605.454 0.00089000
605.504 0.00300000
605.516 0.00130000
605.559 0.01000000
605.818 0.00600000
605.827 0.00130000
605.861 0.00320000
605.954 0.00085000
606.023 0.00120000
606.149 0.00120000
606.223 0.00034000
606.243 0.00120000
606.261 0.00610000
606.307 0.00330000
606.336 0.00082000
606.633 0.00160000
606.65 0.00560000
606.708 0.00590000
606.804 0.00078000
607.003 0.00150000
607.089 0.00110000
607.142 0.00076000
607.198 0.00470000
607.206 0.00095000
607.31 0.27000000
607.371 0.00110000
607.62 0.00035000
607.664 0.00110000
607.737 0.00320000
607.787 0.06000000
607.859 0.00180000
607.897 0.00290000
607.947 0.00760000
608.449 0.00057000
608.526 0.13500000
608.537 0.05500000
608.543 0.00066000
608.6 0.00130000
608.726 0.27000000
608.739 0.00098000
608.758 0.02000000
608.803 0.10500000
609.011 0.00210000
609.082 0.00260000
609.522 0.00070000
609.719 0.00300000
609.782 0.00170000
609.908 0.27000000
609.98 0.00094000
610.058 0.00030000
610.172 0.05000000
610.364 0.00640000
610.458 0.02500000
610.53 0.00110000
610.661 0.00065000
610.684 0.00450000
610.841 0.00360000
610.892 0.00110000
611.284 0.33000000
611.396 0.00150000
611.947 0.02000000
612.056 0.33000000
612.234 0.02000000
612.275 0.00170000
612.468 0.00048000
612.574 0.10500000
613.196 0.00280000
613.222 0.00064000
613.381 0.00540000
613.479 0.00081000
613.853 0.02000000
613.865 0.13500000
614.456 0.00051000
614.528 0.10500000
614.627 0.00032000
614.745 0.00095000
614.879 0.00050000
615.012 0.00048000
615.068 0.01000000
615.407 0.04000000
615.412 0.02000000
615.709 0.02000000
615.906 0.00055000
615.984 0.02000000
616.325 0.00024000
616.448 0.06500000
616.671 0.00075000
616.706 0.02000000
616.858 0.00047000
616.884 0.00031000
616.982 0.22500000
617.204 0.00025000
617.388 0.00077000
617.649 0.00057000
617.707 0.00032000
617.855 0.02000000
617.888 0.00077000
617.916 0.00120000
617.985 0.13500000
618.004 0.00012000
618.07 0.04000000
618.262 0.27000000
618.439 0.00200000
618.447 0.00050000
618.474 0.09000000
618.805 0.00220000
618.813 0.06500000
618.942 0.02000000
619.191 0.10500000
619.329 0.00041000
619.386 0.27000000
619.398 0.02000000
619.432 0.02000000
619.64 0.00360000
619.822 0.13500000
619.906 0.00084000
620.043 0.10500000
620.055 0.02000000
620.349 0.18000000
620.413 0.00250000
620.477 0.00041000
620.526 0.00220000
620.682 0.02000000
620.722 0.22500000
620.748 0.00056000
620.869 0.01000000
621.161 0.02000000
621.166 0.00084000
621.365 0.00093000
621.967 0.00020000
622.143 0.00200000
622.158 0.00180000
622.352 0.00240000
622.453 0.10500000
622.468 0.00160000
622.637 0.04500000
622.663 0.00170000
622.694 0.00061000
623.112 0.00260000
623.138 0.00380000
623.297 0.22500000
623.43 0.00052000
623.536 0.00069000
623.579 0.00031000
623.824 0.02000000
623.897 0.00032000
623.908 0.00082000
623.954 0.00063000
624.142 0.00270000
624.169 0.00063000
624.294 0.03000000
624.31 0.02000000
624.504 0.00420000
624.562 0.00420000
624.693 0.00250000
624.812 0.04500000
625.049 0.00680000
625.196 0.00072000
625.611 0.00015000
625.675 0.00034000
625.693 0.00250000
625.742 0.06500000
625.81 0.00044000
625.861 0.01000000
626.106 0.33000000
626.142 0.10500000
626.281 0.00008500
626.471 0.00240000
626.617 0.18000000
626.719 0.00046000
627.154 0.02000000
627.268 0.00072000
627.412 0.55500000
627.521 0.00027000
627.617 0.02000000
627.724 0.22500000
627.812 0.00100000
627.917 0.45000000
628.089 0.00060000
628.528 0.27000000
628.949 0.06500000
629.506 0.00160000
630.424 0.13500000
631.577 0.03000000
632.117 0.00230000
632.13 0.00690000
632.163 0.00044000
632.221 0.00087000
632.254 0.00036000
632.384 0.00690000
632.44 0.00880000
632.728 0.22500000
632.876 0.00420000
633.251 0.00920000
633.541 0.06500000
633.891 0.00092000
634.856 0.06500000
634.874 0.10500000
635.09 0.00140000
635.271 0.00310000
635.622 0.00330000
635.862 0.02000000
635.913 0.00980000
636.225 0.02000000
636.258 0.00085000
636.327 0.00930000
636.707 0.00130000
637.483 0.01000000
637.75 0.00100000
637.876 0.00570000
637.917 0.00280000
637.967 0.01500000
637.979 0.00084000
638.047 0.00140000
638.197 0.00076000
638.322 0.00210000
638.334 0.01000000
638.74 0.07500000
638.786 0.00110000
640.07 0.01500000
640.294 0.00220000
640.386 0.00280000
640.463 0.00082000
640.645 0.08000000
640.86 0.09000000
641.61 0.06500000
642.481 0.09000000
643.296 0.00071000
643.838 0.00170000
643.866 0.00240000
643.892 0.01500000
643.903 0.00350000
644.036 0.00089000
644.128 0.00220000
644.613 0.00160000
644.873 0.00160000
644.916 0.00035000
645.07 0.00085000
645.285 0.00011000
645.295 0.00190000
645.549 0.00023000
645.639 0.00041000
645.728 0.33000000
645.912 0.00043000
645.93 0.00140000
646.106 0.00950000
646.145 0.00037000
646.265 0.66000000
647.121 0.10500000
647.474 0.00540000
647.894 0.00036000
648.061 0.00093000
648.538 0.00340000
648.888 0.00910000
648.936 0.00042000
649.058 0.00200000
649.32 0.04500000
649.498 0.00032000
649.592 0.00150000
650.199 0.04500000
650.351 0.01500000
650.836 0.00740000
650.949 0.00041000
651.1 0.09000000
651.125 0.00450000
651.135 0.00470000
651.236 0.06500000
651.844 0.00190000
651.896 0.00034000
652.094 0.00140000
652.786 0.00016000
652.995 0.02000000
653.134 0.33000000
653.177 0.02000000
653.222 0.00250000
653.565 0.00032000
654.014 0.00140000
654.46 0.00033000
654.678 0.00027000
655.019 0.00410000
655.055 0.00180000
655.416 0.10500000
655.858 0.00031000
655.888 0.02000000
655.909 0.00290000
656.006 0.00440000
656.085 0.00270000
656.124 0.02000000
656.146 0.02000000
656.157 0.00030000
656.444 0.01000000
656.496 0.00035000
656.507 0.00490000
656.59 0.00049000
656.62 0.00021000
656.906 0.00150000
656.963 0.00720000
657.01 0.00029000
657.288 0.00190000
657.348 0.00058000
657.398 0.00190000
657.577 0.00025000
657.612 0.00800000
657.68 0.02000000
657.721 0.09000000
657.766 0.00970000
657.892 0.00053000
658.331 0.00200000
658.358 0.00120000
658.391 0.22500000
658.428 0.00200000
658.6 0.00120000
658.662 0.00072000
658.71 0.00008600
658.806 0.00018000
658.854 0.22500000
659.148 0.18000000
659.179 0.02000000
659.255 0.00029000
659.361 0.00099000
659.489 0.00049000
659.948 0.13500000
660.113 0.00370000
660.154 0.00230000
660.411 0.00040000
660.542 0.10500000
661.031 0.00059000
661.119 0.00180000
661.412 0.00049000
661.535 0.00200000
661.548 0.00067000
661.685 0.00041000
661.706 0.02000000
661.962 0.00220000
661.995 0.06500000
662.213 0.00072000
662.817 0.00090000
663.157 0.00190000
663.181 0.00072000
663.346 0.00570000
663.703 0.00072000
663.877 0.00280000
664.144 0.00110000
664.337 0.00071000
664.465 0.02500000
664.632 0.00130000
664.654 0.02000000
664.769 0.00140000
664.85 0.01500000
664.896 0.01500000
665.056 0.00500000
665.1 0.00067000
665.95 0.00058000
666.227 0.22500000
666.263 0.00280000
666.37 0.01000000
666.496 0.00210000
666.882 0.01500000
667.072 0.00056000
667.341 0.00130000
667.47 0.07500000
668.284 0.00210000
668.337 0.03500000
668.405 0.00810000
668.712 0.00094000
669.213 0.00023000
669.273 0.00840000
669.468 0.00038000
669.518 0.00073000
669.771 0.02500000
670.049 0.00110000
670.052 0.00051000
670.39 0.00350000
670.405 0.00630000
670.944 0.00035000
671.087 0.00210000
671.187 0.00005000
671.45 0.00028000
671.519 0.00400000
671.92 0.03500000
672.538 0.00330000
672.746 0.10500000
673.224 0.00160000
673.331 0.00220000
673.569 0.00032000
673.818 0.01500000
674.037 0.00007500
674.25 0.00190000
675.366 0.00890000
675.531 0.00032000
675.645 0.24000000
675.654 0.01000000
675.711 0.01500000
675.731 0.02000000
676.089 0.00420000
676.435 0.00025000
676.572 0.00570000
676.634 0.00440000
676.794 0.00042000
676.816 0.00052000
676.913 0.00076000
676.939 0.00096000
677.011 0.00910000
677.132 0.00160000
677.831 0.09500000
677.999 0.00830000
678.013 0.09000000
678.416 0.00052000
678.463 0.00052000
678.636 0.00052000
678.884 0.04500000
678.969 0.00051000
679.247 0.00050000
679.497 0.00100000
679.678 0.00360000
679.783 0.00013000
680.126 0.00590000
680.299 0.00330000
680.474 0.00350000
680.732 0.00320000
680.951 0.00430000
681.055 0.00700000
681.15 0.00025000
681.278 0.00610000
682.438 0.00009900
682.935 0.00500000
683.219 0.00028000
683.289 0.00250000
683.492 0.10500000
683.506 0.00340000
684.356 0.00027000
684.513 0.00040000
684.587 0.00067000
684.648 0.00620000
685.054 0.00078000
685.121 0.00041000
685.451 0.00200000
686.864 0.04500000
686.927 0.00084000
686.989 0.00910000
687.015 0.00063000
687.305 0.00210000
687.475 0.04500000
687.498 0.00270000
687.787 0.00037000
688.057 0.00430000
688.094 0.00006400
688.314 0.00210000
688.641 0.02000000
688.872 0.00390000
688.93 0.01000000
689.109 0.00037000
689.423 0.00180000
689.815 0.02000000
690.044 0.00170000
690.061 0.00170000
690.116 0.00075000
690.221 0.00350000
690.309 0.00073000
690.737 0.00022000
690.985 0.01000000
691.069 0.00037000
691.123 0.22500000
691.471 0.00220000
691.501 0.00140000
691.704 0.00110000
692.143 0.00077000
692.466 0.00110000
692.631 0.00014000
692.969 0.00079000
693.246 0.00080000
693.449 0.00110000
693.708 0.02000000
693.897 0.02000000
694.254 0.01000000
694.477 0.00058000
694.549 0.02000000
694.678 0.00041000
694.792 0.00210000
694.809 0.00560000
695.165 0.00150000
695.297 0.00460000
695.323 0.02000000
695.633 0.00042000
696.286 0.00150000
696.427 0.00390000
697.548 0.00043000
698.108 0.00420000
698.459 0.00032000
698.547 0.00280000
698.887 0.00160000
698.966 0.45000000
699.27 0.00430000
699.304 0.01500000
699.593 0.00100000
699.676 0.00160000
699.741 0.00260000
699.927 0.00660000