380.116 0.00150000
380.155 0.00800000
380.191 0.00600000
380.342 0.00550000
380.51 0.00900000
380.519 0.00350000
380.546 0.00900000
380.604 0.00250000
380.63 0.00300000
380.644 0.01650000
380.659 0.00450000
380.67 0.00500000
380.72 0.00900000
380.775 0.00550000
381.002 0.00056000
381.016 0.00300000
381.073 0.00350000
381.14 0.02850000
381.162 0.00200000
381.282 0.00300000
381.327 0.01350000
381.339 0.02250000
381.352 0.00200000
381.388 0.00097000
381.394 0.00095000
381.458 0.04050000
381.486 0.03450000
381.618 0.00250000
381.764 0.01650000
381.82 0.02250000
382.172 0.02250000
382.202 0.02100000
382.286 0.00650000
382.697 0.01350000
382.711 0.00300000
382.747 0.00350000
382.764 0.00550000
382.801 0.00700000
382.819 0.04050000
382.874 0.00078000
382.905 0.00061000
382.972 0.00800000
383.168 0.00100000
383.204 0.00250000
383.318 0.01350000
383.367 0.00550000
383.391 0.00800000
383.431 0.00800000
383.44 0.00100000
383.608 0.03450000
383.642 0.00041000
383.677 0.02100000
383.9 0.00100000
384.032 0.00250000
384.162 0.00250000
384.235 0.00300000
384.261 0.01650000
384.286 0.00150000
384.315 0.00300000
384.509 0.00250000
384.644 0.01650000
384.754 0.00150000
384.773 0.00150000
384.799 0.00064000
384.831 0.01200000
384.904 0.00096000
385.299 0.00850000
385.305 0.02100000
385.372 0.01350000
385.79 0.00700000
385.814 0.04500000
385.888 0.00100000
385.935 0.01050000
386.074 0.00450000
386.108 0.01200000
386.282 0.03450000
386.448 0.01650000
386.468 0.00450000
386.602 0.01350000
386.644 0.04500000
386.774 0.00900000
386.801 0.00150000
386.84 0.05700000
386.896 0.00500000
386.927 0.01650000
386.96 0.01200000
387.012 0.01350000
387.25 0.00300000
387.32 0.04500000
387.349 0.00053000
387.413 0.01350000
387.526 0.04050000
387.6 0.00100000
387.759 0.00350000
387.919 0.00400000
387.934 0.01200000
388.063 0.00200000
388.121 0.00350000
388.14 0.01350000
388.215 0.02850000
388.228 0.00100000
388.232 0.02250000
388.289 0.04050000
388.409 0.01200000
388.736 0.00550000
388.802 0.01650000
388.819 0.00250000
388.875 0.00200000
388.995 0.02850000
389.362 0.00550000
389.363 0.00700000
389.524 0.07950000
389.633 0.00300000
389.725 0.00250000
389.731 0.00900000
389.757 0.00700000
389.849 0.02250000
389.966 0.02850000
389.97 0.01650000
390.054 0.05700000
390.096 0.02850000
390.478 0.07950000
391.118 0.04500000
391.136 0.00800000
391.258 0.01650000
391.29 0.00250000
391.346 0.07950000
391.418 0.00300000
391.433 0.05700000
391.474 0.02100000
391.525 0.00250000
391.547 0.00500000
391.587 0.01650000
391.609 0.01200000
391.674 0.01050000
391.982 0.02250000
392.054 0.00150000
392.138 0.00350000
392.142 0.04500000
392.161 0.00300000
392.19 0.00400000
392.295 0.00350000
392.409 0.00091000
392.453 0.07950000
392.486 0.00300000
392.493 0.00300000
392.632 0.02850000
392.876 0.00250000
392.897 0.00400000
392.987 0.07950000
393.022 0.00450000
393.03 0.00100000
393.159 0.00250000
393.201 0.03450000
393.423 0.03450000
393.781 0.00500000
393.8 0.02100000
393.814 0.00300000
393.846 0.00078000
394.057 0.00052000
394.356 0.00200000
394.684 0.00080000
394.777 0.07650000
394.836 0.00150000
394.867 0.08700000
395.633 0.10000000
395.82 0.15000000
396.285 0.07800000
396.427 0.07650000
396.616 0.00057000
397.02 0.00057000
397.571 0.00250000
397.912 0.00056000
398.081 0.00650000
398.145 0.00150000
398.176 0.08250000
398.199 0.00250000
398.248 0.06600000
398.383 0.00400000
398.431 0.01650000
398.544 0.00300000
398.558 0.00800000
398.64 0.00250000
398.761 0.00950000
398.957 0.00150000
398.976 0.10000000
399.014 0.00500000
399.022 0.00750000
399.1 0.00076000
399.379 0.00350000
399.467 0.01800000
399.552 0.00150000
399.664 0.00850000
399.864 0.10000000
399.896 0.00400000
399.934 0.02100000
400.004 0.00350000
400.247 0.02700000
400.38 0.04800000
400.596 0.02400000
400.646 0.00150000
400.719 0.01000000
400.805 0.03300000
400.893 0.05250000
400.966 0.03900000
401.105 0.00058000
401.238 0.03150000
401.263 0.00068000
401.279 0.00750000
401.324 0.00100000
401.358 0.04350000
401.49 0.00350000
401.537 0.04350000
401.628 0.01800000
401.696 0.00750000
401.777 0.04200000
402.111 0.00100000
402.182 0.05850000
402.368 0.00250000
402.431 0.00200000
402.457 0.04500000
402.474 0.00850000
402.508 0.00450000
402.513 0.01950000
402.522 0.00550000
402.654 0.03900000
402.715 0.00150000
402.834 0.04350000
402.968 0.00100000
403.051 0.04350000
403.07 0.00250000
403.176 0.01950000
403.39 0.02100000
403.489 0.01350000
403.583 0.02550000
404.032 0.01950000
404.375 0.01000000
404.754 0.00049000
404.939 0.01650000
405.292 0.01200000
405.382 0.01200000
405.501 0.03600000
405.619 0.00150000
405.762 0.01650000
405.814 0.02100000
406.008 0.00400000
406.021 0.00100000
406.026 0.02400000
406.414 0.00079000
406.421 0.01800000
406.435 0.00070000
406.51 0.02700000
406.559 0.00400000
406.617 0.00039000
406.813 0.00650000
406.865 0.00300000
406.898 0.00600000
406.954 0.00100000
406.999 0.00067000
407.068 0.00092000
407.119 0.00300000
407.147 0.00250000
407.435 0.00400000
407.636 0.00400000
407.715 0.00450000
407.847 0.03150000
407.97 0.00950000
407.996 0.00073000
408.245 0.06900000
408.246 0.01350000
409.888 0.00048000
409.917 0.01500000
410.005 0.00150000
411.271 0.10000000
411.914 0.00350000
412.003 0.01200000
412.164 0.01950000
412.214 0.04950000
412.329 0.02700000
412.356 0.04200000
412.404 0.00350000
412.575 0.00250000
412.753 0.05700000
412.916 0.01500000
413.122 0.00600000
413.125 0.01950000
413.378 0.00750000
413.396 0.00150000
413.688 0.01050000
413.728 0.05100000
413.942 0.00250000
413.984 0.00600000
414.248 0.00750000
414.304 0.01800000
414.31 0.00061000
414.328 0.00350000
414.477 0.00062000
414.5 0.00048000
414.503 0.00250000
414.505 0.00700000
414.598 0.00150000
414.944 0.00350000
415.055 0.00300000
415.08 0.00200000
415.096 0.01050000
415.485 0.00600000
415.667 0.00040000
415.828 0.00150000
415.964 0.03000000
416.019 0.00250000
416.041 0.00200000
416.042 0.00027000
416.057 0.00051000
416.153 0.01500000
416.364 0.06600000
416.413 0.00500000
416.515 0.00061000
416.572 0.00093000
416.631 0.03150000
416.769 0.00250000
416.933 0.02550000
417.086 0.00750000
417.102 0.03300000
417.19 0.06900000
417.259 0.00500000
417.353 0.04650000
417.407 0.00950000
417.407 0.01950000
417.447 0.01950000
417.654 0.00250000
417.669 0.00900000
417.697 0.00550000
417.738 0.01200000
417.987 0.00350000
418.002 0.00074000
418.022 0.00072000
418.05 0.00450000
418.112 0.00250000
418.329 0.01200000
418.358 0.00024000
418.431 0.01200000
418.459 0.00250000
418.599 0.00300000
418.612 0.05850000
418.868 0.02100000
418.899 0.01200000
419.016 0.00150000
419.109 0.00250000
419.214 0.00100000
420.006 0.00400000
420.026 0.00081000
420.074 0.02850000
420.166 0.00250000
420.341 0.00300000
420.346 0.04200000
420.492 0.00450000
420.749 0.00500000
421.013 0.00250000
421.172 0.02700000
421.247 0.00100000
421.295 0.00062000
421.326 0.00550000
421.429 0.00063000
421.492 0.00450000
421.552 0.00700000
421.595 0.00450000
421.852 0.00250000
421.962 0.00500000
422.028 0.00250000
422.136 0.00250000
422.298 0.00200000
422.413 0.00200000
422.458 0.00250000
422.479 0.03450000
422.733 0.00650000
423.107 0.00400000
423.236 0.00250000
423.442 0.00250000
423.465 0.00900000
423.758 0.00200000
423.777 0.00600000
423.789 0.01500000
423.966 0.01500000
424.129 0.00046000
424.217 0.00250000
424.389 0.00150000
424.551 0.01350000
424.611 0.00500000
424.685 0.00068000
424.715 0.00350000
424.762 0.00200000
424.854 0.00400000
424.911 0.04050000
425.009 0.00150000
425.057 0.00700000
425.065 0.00300000
425.16 0.01350000
425.176 0.00700000
425.212 0.00300000
425.411 0.00200000
425.603 0.05550000
425.705 0.00150000
425.847 0.00300000
425.852 0.04950000
425.901 0.00250000
426.075 0.00850000
426.076 0.00150000
426.159 0.04950000
426.19 0.00200000
426.244 0.00150000
426.293 0.00072000
426.313 0.09000000
426.325 0.00350000
426.445 0.00072000
426.526 0.01500000
426.57 0.00850000
426.583 0.00450000
426.621 0.01500000
426.892 0.00600000
426.984 0.00350000
427.013 0.03750000
427.095 0.00029000
427.186 0.00082000
427.2 0.00074000
427.233 0.00350000
427.242 0.03000000
427.33 0.01500000
427.429 0.00100000
427.438 0.00400000
427.459 0.07500000
427.553 0.00089000
427.578 0.00200000
427.582 0.00045000
427.635 0.00023000
427.643 0.03750000
427.663 0.00750000
427.822 0.03750000
427.879 0.01950000
428.005 0.01200000
428.136 0.06150000
428.156 0.00150000
428.172 0.00200000
428.262 0.00900000
428.27 0.05400000
428.338 0.00200000
428.409 0.00063000
428.467 0.00016000
428.47 0.00300000
428.486 0.00150000
428.498 0.03150000
428.544 0.00087000
428.561 0.00150000
428.6 0.07950000
428.652 0.00093000
428.74 0.07950000
428.787 0.02400000
428.815 0.01650000
428.818 0.01800000
428.837 0.00300000
428.866 0.00150000
428.907 0.10050000
428.925 0.00049000
428.991 0.01200000
429.021 0.04800000
429.093 0.05700000
429.113 0.00800000
429.12 0.00250000
429.193 0.00400000
429.267 0.00950000
429.334 0.00042000
429.409 0.06450000
429.503 0.00012000
429.542 0.00099000
429.575 0.08250000
429.67 0.00150000
429.867 0.10000000
429.92 0.05850000
429.963 0.04950000
430.004 0.08400000
430.049 0.01350000
430.055 0.10000000
430.108 0.15000000
430.13 0.00600000
430.192 0.04200000
430.298 0.00850000
430.357 0.00150000
430.451 0.00200000
430.546 0.00850000
430.574 0.00550000
430.591 0.25000000
430.694 0.00850000
430.787 0.08700000
430.839 0.00040000
430.85 0.01800000
430.909 0.00850000
430.94 0.00021000
431.036 0.00850000
431.048 0.00100000
431.1 0.00087000
431.165 0.02250000
431.205 0.00150000
431.216 0.00100000
431.286 0.08850000
431.404 0.00200000
431.434 0.02700000
431.473 0.04650000
431.48 0.08850000
431.497 0.01800000
431.679 0.03150000
431.798 0.00028000
431.844 0.00090000
431.863 0.09000000
431.956 0.00200000
432.095 0.03600000
432.165 0.06450000
432.177 0.00400000
432.191 0.00028000
432.211 0.00300000
432.343 0.01800000
432.513 0.09300000
432.593 0.00060000
432.624 0.00350000
432.635 0.05550000
432.682 0.00150000
432.696 0.01050000
432.762 0.00250000
432.825 0.00072000
432.95 0.00150000
433.024 0.03750000
433.07 0.02850000
433.354 0.00300000
433.483 0.02850000
433.581 0.00150000
433.726 0.00200000
433.791 0.10000000
433.822 0.00050000
433.847 0.01200000
433.871 0.00150000
434.0 0.01200000
434.136 0.03900000
434.325 0.00150000
434.378 0.01000000
434.428 0.04950000
434.61 0.04050000
434.66 0.01500000
434.804 0.00650000
434.84 0.00200000
435.084 0.03150000
435.228 0.00550000
435.405 0.02700000
435.528 0.01050000
435.727 0.00100000
435.889 0.00054000
435.918 0.00550000
436.048 0.06900000
436.115 0.01200000
436.234 0.00049000
436.354 0.00500000
436.374 0.00300000
436.533 0.00200000
436.765 0.03150000
436.768 0.00550000
436.856 0.00150000
436.893 0.02550000
437.238 0.02700000
437.482 0.04950000
437.693 0.00150000
437.777 0.00150000
437.808 0.00077000
437.894 0.00550000
438.073 0.00550000
438.685 0.15000000
438.854 0.01650000
439.102 0.04200000
439.165 0.00450000
439.392 0.10000000
439.406 0.02550000
439.488 0.01350000
439.503 0.25000000
439.547 0.00350000
439.584 0.05250000
439.592 0.00250000
439.733 0.00500000
439.772 0.00300000
439.829 0.01800000
439.873 0.00250000
439.977 0.15000000
440.057 0.00200000
440.058 0.04200000
440.084 0.02400000
440.253 0.00047000
440.345 0.00400000
440.428 0.07500000
440.439 0.01800000
440.49 0.02250000
440.568 0.02850000
440.62 0.00300000
440.731 0.00150000
440.767 0.01350000
440.875 0.02850000
440.924 0.01000000
440.952 0.01200000
441.107 0.10000000
441.193 0.01350000
441.233 0.01350000
441.242 0.01650000
441.41 0.01050000
441.424 0.00200000
441.449 0.00200000
441.492 0.00950000
441.556 0.00750000
441.653 0.06450000
441.727 0.07200000
441.744 0.00200000
441.771 0.07050000
441.833 0.01650000
442.145 0.00800000
442.175 0.04650000
442.194 0.02700000
442.282 0.06000000
442.439 0.00800000
442.44 0.01050000
442.582 0.00700000
442.606 0.05700000
442.71 0.08700000
442.788 0.00069000
442.83 0.00150000
443.002 0.00850000
443.036 0.02550000
443.064 0.00038000
443.128 0.01800000
443.21 0.00150000
443.259 0.01200000
443.357 0.01000000
443.391 0.00150000
443.396 0.03300000
443.402 0.06600000
443.437 0.00400000
443.659 0.01050000
443.668 0.00200000
443.822 0.01350000
443.923 0.00056000
444.034 0.10000000
444.066 0.00100000
444.127 0.03000000
444.173 0.00650000
444.225 0.00063000
444.38 0.10000000
444.426 0.01800000
444.455 0.01200000
444.656 0.00150000
444.914 0.15000000
444.997 0.01200000
445.048 0.05850000
445.089 0.20000000
445.305 0.00150000
445.331 0.20000000
445.37 0.10000000
445.385 0.00250000
445.532 0.20000000
445.665 0.01200000
445.743 0.20000000
446.209 0.01650000
446.256 0.00150000
446.275 0.00350000
446.338 0.04500000
446.353 0.04500000
446.445 0.07800000
446.581 0.20000000
446.608 0.00150000
446.669 0.00047000
446.758 0.00200000
446.849 0.35000000
446.915 0.01050000
447.085 0.05400000
447.124 0.20000000
447.485 0.15000000
447.517 0.01500000
447.55 0.02100000
447.66 0.00800000
447.84 0.00750000
447.97 0.07800000
447.997 0.00200000
448.036 0.00090000
448.059 0.03900000
448.126 0.09000000
448.142 0.00150000
448.269 0.03750000
448.453 0.00300000
448.508 0.00800000
448.825 0.00700000
448.832 0.15000000
448.909 0.10000000
449.068 0.00450000
449.253 0.01950000
449.352 0.01200000
449.5 0.03150000
449.615 0.10000000
449.623 0.01050000
449.651 0.00250000
449.677 0.00400000
449.772 0.03300000
450.037 0.00400000
450.059 0.00850000
450.127 0.35000000
450.376 0.04650000
450.549 0.00450000
450.571 0.00750000
450.632 0.04650000
450.674 0.00250000
450.711 0.00300000
450.827 0.00600000
451.158 0.00150000
451.273 0.15000000
451.371 0.00350000
451.47 0.00200000
451.561 0.02250000
451.802 0.10000000
451.833 0.00600000
451.836 0.00100000
451.869 0.03150000
451.942 0.00077000
451.98 0.00150000
452.038 0.00250000
452.115 0.00077000
452.28 0.10000000
452.468 0.00350000
452.474 0.01200000
452.524 0.00200000
452.594 0.00250000
452.625 0.00300000
452.637 0.00650000
452.731 0.15000000
452.747 0.00400000
452.948 0.05550000
453.16 0.00600000
453.212 0.00500000
453.324 0.30000000
453.326 0.00200000
453.396 0.30000000
453.478 0.20000000
453.557 0.15000000
453.584 0.15000000
453.592 0.07800000
453.604 0.07800000
454.022 0.00300000
454.049 0.01050000
454.086 0.00850000
454.1 0.00300000
454.402 0.03000000
454.431 0.00150000
454.445 0.00150000
454.469 0.25000000
454.513 0.02550000
454.598 0.00350000
454.779 0.01950000
454.811 0.01350000
454.876 0.25000000
454.962 0.45000000
454.981 0.01650000
454.984 0.00850000
455.229 0.00450000
455.245 0.35000000
455.34 0.01350000
455.507 0.02700000
455.546 0.00700000
455.548 0.25000000
455.578 0.00400000
455.785 0.02100000
455.811 0.02550000
455.992 0.06600000
456.203 0.00085000
456.263 0.02700000
456.342 0.01650000
456.376 0.25000000
456.421 0.00350000
456.5 0.00150000
456.665 0.00700000
456.832 0.01650000
457.08 0.00300000
457.09 0.10000000
457.197 1.00000000
457.206 0.01350000
457.22 0.02250000
457.285 0.00150000
457.653 0.01200000
457.852 0.01050000
457.964 0.00850000
457.971 0.00550000
458.044 0.00950000
458.173 0.00950000
458.341 0.01650000
458.692 0.00600000
458.995 0.15000000
459.16 0.00550000
459.55 0.00150000
460.151 0.00100000
460.927 0.02100000
460.951 0.00300000
461.048 0.00500000
461.104 0.00200000
461.429 0.01200000
461.593 0.00500000
461.727 0.40000000
461.811 0.00700000
461.952 0.02400000
461.978 0.00250000
462.31 0.25000000
462.699 0.00150000
462.807 0.00200000
462.929 0.00150000
462.934 0.10000000
463.417 0.00300000
463.474 0.00850000
463.555 0.01650000
463.632 0.00550000
463.723 0.00550000
463.787 0.02850000
463.9 0.00150000
463.936 0.10000000
463.966 0.05550000
463.994 0.08400000
464.042 0.00850000
464.519 0.15000000
464.9 0.00094000
464.945 0.00300000
465.001 0.08100000
465.286 0.00350000
465.569 0.01050000
465.578 0.00200000
465.604 0.02700000
465.647 0.20000000
465.72 0.02400000
466.346 0.00200000
466.758 0.20000000
466.835 0.01000000
467.182 0.00400000
467.34 0.00450000
467.512 0.07050000
467.653 0.00550000
467.695 0.01500000
467.748 0.00450000
467.758 0.00150000
467.971 0.00400000
468.058 0.00200000
468.14 0.00700000
468.191 0.30000000
468.451 0.01050000
468.686 0.00950000
468.695 0.01350000
468.782 0.00350000
469.08 0.02400000
469.133 0.20000000
469.243 0.00350000
469.366 0.04050000
469.544 0.00100000
469.693 0.02250000
469.876 0.15000000
469.883 0.03750000
469.95 0.00150000
470.019 0.00350000
470.159 0.00098000
470.312 0.00300000
470.318 0.00095000
470.866 0.01200000
470.895 0.00100000
471.019 0.05400000
471.168 0.00083000
471.53 0.02400000
471.898 0.00067000
471.951 0.00150000
472.09 0.00047000
472.261 0.04200000
472.316 0.02100000
472.466 0.00350000
473.111 0.00064000
473.117 0.02100000
473.342 0.01050000
473.467 0.00450000
474.211 0.00800000
474.23 0.00053000
474.279 0.05400000
474.726 0.00600000
474.767 0.01500000
475.438 0.00025000
475.812 0.15000000
475.89 0.00500000
475.927 0.10000000
476.011 0.00100000
476.278 0.00450000
476.358 0.00300000
476.388 0.01800000
476.452 0.00600000
476.632 0.00900000
476.736 0.00071000
476.829 0.00039000
476.977 0.00900000
477.11 0.00750000
477.146 0.00100000
477.435 0.00028000
477.586 0.00100000
477.826 0.05400000
477.998 0.15000000
478.171 0.04050000
478.331 0.00250000
478.409 0.00055000
478.763 0.00250000
478.979 0.00300000
479.104 0.00150000
479.148 0.00250000
479.149 0.00086000
479.225 0.00200000
479.248 0.04800000
479.317 0.00051000
479.35 0.00051000
479.482 0.00062000
479.621 0.01800000
479.798 0.01000000
479.853 0.00800000
479.98 0.05100000
480.027 0.00095000
480.191 0.00700000
480.195 0.00500000
480.232 0.00031000
480.509 0.15000000
480.542 0.07800000
480.676 0.00700000
480.853 0.01050000
481.061 0.00016000
481.106 0.00650000
481.223 0.01000000
481.289 0.00100000
481.647 0.00055000
481.903 0.02100000
482.041 0.06750000
482.127 0.00150000
482.18 0.00056000
482.453 0.00075000
482.544 0.00550000
482.604 0.00200000
482.757 0.00850000
483.133 0.00081000
483.207 0.01050000
483.612 0.01050000
483.74 0.00200000
483.825 0.00014000
483.925 0.00500000
484.087 0.03900000
484.26 0.00070000
484.398 0.00300000
484.486 0.00058000
484.633 0.00300000
484.683 0.00200000
484.73 0.00250000
484.821 0.00250000
484.841 0.01650000
484.848 0.04800000
484.917 0.00200000
484.966 0.00200000
485.127 0.00200000
485.136 0.00450000
485.449 0.00036000
485.474 0.00950000
485.591 0.00550000
485.601 0.10000000
485.622 0.00059000
485.746 0.00600000
485.813 0.00250000
486.375 0.00900000
486.418 0.01950000
486.561 0.00350000
486.594 0.00067000
486.814 0.00100000
486.826 0.10000000
487.013 0.10000000
487.4 0.00250000
487.401 0.01350000
487.459 0.00150000
487.46 0.00250000
487.487 0.00250000
487.527 0.00250000
487.7 0.00150000
488.028 0.00800000
488.091 0.01050000
488.232 0.01650000
488.263 0.00100000
488.432 0.00061000
488.482 0.00150000
488.508 0.07050000
488.597 0.00200000
488.871 0.00100000
488.982 0.00150000
489.1 0.00500000
489.186 0.00900000
489.284 0.00150000
489.305 0.00750000
489.341 0.00500000
489.389 0.00250000
489.769 0.00029000
489.991 0.07950000
490.003 0.00400000
490.058 0.00400000
490.1 0.00250000
490.374 0.00850000
490.761 0.00051000
490.84 0.00025000
490.845 0.00550000
490.91 0.00900000
491.12 0.07800000
491.362 0.10000000
491.432 0.00100000
491.523 0.03150000
491.685 0.00150000
491.778 0.00150000
491.986 0.15000000
492.177 0.15000000
492.54 0.02850000
492.589 0.00100000
492.615 0.02250000
492.834 0.09900000
492.888 0.00200000
492.953 0.00100000
493.073 0.00100000
493.267 0.00091000
493.773 0.01800000
493.804 0.00079000
493.829 0.04200000
494.097 0.00250000
494.131 0.00250000
494.157 0.01800000
494.307 0.00150000
494.404 0.00150000
494.435 0.00350000
494.6 0.00091000
494.619 0.00091000
494.797 0.00550000
494.819 0.01000000
495.01 0.00150000
495.828 0.01350000
496.01 0.00034000
496.136 0.00100000
496.365 0.00017000
496.472 0.02400000
496.603 0.00450000
496.73 0.00350000
496.857 0.03300000
497.016 0.00050000
497.119 0.00100000
497.303 0.02250000
497.479 0.00021000
497.534 0.05700000
497.604 0.00041000
497.773 0.02850000
497.819 0.08400000
497.926 0.00500000
498.136 0.00150000
498.173 0.50000000
498.279 0.00200000
498.316 0.01350000
498.836 0.00150000
498.913 0.25000000
499.107 0.45000000
499.507 0.01500000
499.709 0.06600000
499.773 0.00350000
499.95 0.30000000
500.099 0.10000000
500.216 0.00200000
500.516 0.00150000
500.517 0.00350000
500.721 0.30000000
500.88 0.00150000
500.965 0.07800000
501.014 0.00250000
501.021 0.01500000
501.328 0.10000000
501.369 0.00700000
501.419 0.05550000
501.428 0.15000000
501.616 0.15000000
501.892 0.00150000
501.989 0.00850000
502.002 0.15000000
502.043 0.00100000
502.206 0.00150000
502.287 0.15000000
502.333 0.00750000
502.452 0.00075000
502.484 0.10000000
502.557 0.10000000
503.128 0.00300000
503.477 0.00150000
503.534 0.00200000
503.59 0.15000000
503.646 0.15000000
503.84 0.10000000
503.996 0.15000000
504.061 0.04650000
504.358 0.03150000
504.425 0.02100000
504.542 0.02400000
504.821 0.01500000
504.998 0.00050000
505.287 0.03900000
505.408 0.00550000
506.21 0.02550000
506.4 0.00017000
506.406 0.00550000
506.465 0.08250000
506.599 0.03150000
506.822 0.00100000
506.832 0.00800000
506.909 0.00250000
506.935 0.05100000
506.939 0.00081000
507.112 0.00500000
507.147 0.05850000
507.229 0.02850000
508.138 0.00087000
508.374 0.00450000
508.38 0.00150000
508.533 0.01650000
508.706 0.05400000
509.085 0.00019000
509.596 0.00059000
509.725 0.00030000
509.837 0.00200000
509.969 0.00042000
510.14 0.00077000
510.17 0.00097000
510.312 0.00500000
510.565 0.00024000
510.943 0.02250000
510.981 0.00061000
511.104 0.00250000
511.211 0.00059000
511.344 0.09000000
511.391 0.00036000
511.908 0.00100000
512.042 0.10000000
512.131 0.00035000
512.196 0.00096000
512.208 0.00650000
512.407 0.01050000
512.706 0.00500000
512.735 0.00094000
512.737 0.01350000
512.806 0.00100000
512.916 0.03300000
513.067 0.00044000
513.293 0.01200000
513.666 0.00034000
514.546 0.05850000
514.569 0.00250000
514.731 0.00150000
514.748 0.04950000
514.752 0.00056000
515.218 0.04950000
515.407 0.00850000
515.504 0.00100000
516.119 0.00019000
516.255 0.00200000
517.052 0.00850000
517.374 0.20000000
517.548 0.00300000
517.865 0.01200000
518.318 0.02250000
518.371 0.01350000
518.381 0.05100000
518.59 0.05700000
518.633 0.03300000
518.789 0.00200000
518.869 0.15000000
518.883 0.00500000
518.958 0.01650000
519.297 0.25000000
519.342 0.00250000
519.388 0.00650000
519.395 0.00500000
519.403 0.01500000
520.108 0.03900000
520.312 0.00200000
520.596 0.00200000
520.609 0.04650000
520.7 0.00100000
520.785 0.02850000
521.038 0.20000000
521.122 0.01500000
521.153 0.01500000
521.228 0.01500000
521.26 0.00100000
521.299 0.01050000
521.808 0.00600000
521.843 0.00150000
521.963 0.00096000
521.97 0.06000000
522.026 0.00200000
522.267 0.03450000
522.362 0.05100000
522.413 0.01200000
522.431 0.07050000
522.454 0.03000000
522.493 0.08850000
522.628 0.00250000
522.654 0.04650000
522.719 0.00900000
522.788 0.00300000
523.097 0.01050000
523.381 0.02550000
523.4 0.00074000
523.754 0.00250000
523.852 0.01800000
523.857 0.06900000
523.994 0.00200000
524.084 0.00026000
524.37 0.00081000
524.506 0.00098000
524.613 0.00800000
524.635 0.00250000
524.649 0.00041000
524.655 0.00550000
524.664 0.00550000
524.729 0.01350000
524.749 0.00100000
524.839 0.00250000
525.092 0.00750000
525.148 0.00400000
525.21 0.02250000
525.238 0.00047000
525.366 0.00400000
525.403 0.00092000
525.45 0.00100000
525.581 0.06000000
525.67 0.00350000
525.677 0.00150000
525.733 0.00150000
525.758 0.00650000
525.997 0.02850000
526.214 0.00300000
526.348 0.03000000
526.596 0.07200000
526.649 0.00500000
526.711 0.00039000
526.833 0.00100000
526.861 0.00500000
526.988 0.00400000
527.161 0.00750000
527.812 0.00300000
527.833 0.00100000
527.87 0.00150000
527.877 0.00034000
528.214 0.00100000
528.237 0.03150000
528.344 0.03300000
528.437 0.02250000
528.879 0.01050000
528.927 0.00250000
529.0 0.00081000
529.047 0.00051000
529.36 0.00091000
529.395 0.00100000
529.578 0.04050000
529.723 0.05400000
529.842 0.03000000
529.843 0.03150000
530.001 0.00600000
530.12 0.00200000
530.688 0.00150000
531.324 0.00600000
532.353 0.00089000
532.392 0.00300000
532.84 0.00150000
532.874 0.00100000
533.108 0.00200000
533.679 0.06000000
533.83 0.01650000
534.066 0.00550000
534.149 0.01650000
534.439 0.00400000
534.991 0.00068000
535.107 0.05850000
535.239 0.00081000
535.575 0.00100000
535.651 0.00250000
535.853 0.00300000
536.012 0.00200000
536.171 0.00600000
536.664 0.01650000
536.717 0.00250000
537.315 0.00067000
537.354 0.00150000
537.481 0.00065000
537.66 0.00600000
537.914 0.00250000
538.102 0.01500000
538.291 0.00550000
538.463 0.00600000
538.905 0.00150000
538.916 0.01500000
538.999 0.02850000
539.049 0.00200000
539.106 0.00400000
539.12 0.00250000
539.416 0.00086000
539.569 0.00150000
539.66 0.00950000
539.706 0.04650000
539.893 0.00300000
540.138 0.00250000
540.27 0.00068000
540.401 0.00600000
540.494 0.00041000
540.618 0.00096000
540.894 0.00500000
540.96 0.04200000
541.268 0.00100000
541.676 0.00035000
541.877 0.00850000
541.919 0.00450000
542.238 0.00150000
542.625 0.04200000
542.914 0.03750000
543.233 0.00650000
543.584 0.00300000
543.672 0.01500000
543.831 0.01200000
543.903 0.00600000
544.051 0.01500000
544.662 0.03000000
544.791 0.00400000
544.879 0.00150000
544.891 0.01050000
544.915 0.01350000
545.194 0.00950000
545.364 0.01800000
545.407 0.00250000
545.596 0.00200000
545.69 0.00250000
545.968 0.00064000
546.05 0.01650000
546.577 0.00100000
546.601 0.00200000
546.836 0.00100000
546.898 0.00094000
547.045 0.00250000
547.098 0.00150000
547.12 0.01500000
547.269 0.00750000
547.354 0.00500000
547.422 0.03150000
547.445 0.00750000
547.667 0.00150000
547.769 0.04200000
548.018 0.00025000
548.03 0.00056000
548.131 0.00098000
548.141 0.01950000
548.186 0.01050000
548.609 0.00058000
548.76 0.00046000
548.819 0.01650000
548.987 0.00059000
549.015 0.03750000
549.069 0.00150000
549.085 0.00150000
549.166 0.00150000
549.251 0.00200000
549.288 0.00075000
549.412 0.00039000
549.472 0.00079000
549.794 0.00150000
550.39 0.04050000
551.178 0.00750000
551.252 0.04800000
551.434 0.02550000
551.453 0.02850000
551.772 0.00150000
551.806 0.00200000
552.76 0.00450000
552.998 0.00300000
553.044 0.01950000
553.301 0.00700000
553.786 0.00081000
553.979 0.00100000
556.271 0.00051000
556.547 0.02550000
556.658 0.00150000
557.856 0.00088000
559.511 0.00067000
559.802 0.00069000
560.004 0.00250000
560.078 0.00550000
560.147 0.00150000
561.835 0.00150000
562.202 0.00076000
563.037 0.00062000
563.583 0.00200000
563.599 0.00093000
564.413 0.06900000
564.856 0.02700000
565.477 0.00099000
565.608 0.00042000
565.91 0.00150000
566.215 0.03450000
566.288 0.01350000
566.759 0.00150000
567.305 0.00200000
567.342 0.00350000
567.468 0.00051000
567.541 0.04200000
567.991 0.01650000
568.946 0.02700000
569.84 0.00099000
570.164 0.00150000
570.2 0.00200000
570.266 0.02100000
570.39 0.00150000
570.538 0.00058000
570.677 0.00058000
570.82 0.01050000
570.99 0.00038000
571.185 0.01650000
571.388 0.00800000
571.511 0.02250000
571.644 0.01350000
572.044 0.00800000
572.338 0.00029000
573.111 0.00054000
573.419 0.00026000
573.431 0.00100000
573.905 0.00100000
573.947 0.02100000
573.998 0.00700000
574.12 0.00150000
574.139 0.00024000
574.446 0.00049000
574.506 0.00062000
575.175 0.00039000
575.285 0.00150000
575.642 0.00100000
575.685 0.00300000
576.221 0.00076000
576.228 0.01800000
576.355 0.00100000
576.633 0.01800000
576.656 0.00064000
576.832 0.00066000
577.133 0.00100000
577.403 0.02100000
577.448 0.00150000
577.466 0.00150000
578.076 0.00650000
578.565 0.00100000
578.598 0.03600000
578.808 0.00100000
578.975 0.00200000
579.127 0.00100000
579.508 0.00300000
579.743 0.00400000
580.426 0.04050000
580.712 0.00059000
580.82 0.00250000
580.979 0.00084000
581.282 0.00400000
581.395 0.00300000
581.744 0.00250000
582.369 0.02250000
583.194 0.00200000
583.247 0.00350000
583.452 0.00300000
583.729 0.00100000
583.8 0.00450000
583.951 0.00350000
583.976 0.00049000
584.117 0.00400000
584.61 0.00063000
584.659 0.00081000
584.709 0.00200000
585.232 0.00300000
585.587 0.00150000
586.159 0.00063000
586.289 0.00084000
586.524 0.00150000
586.636 0.00500000
586.645 0.15000000
586.755 0.00093000
586.92 0.00080000
587.115 0.00060000
587.243 0.00065000
587.766 0.00600000
587.779 0.00900000
587.823 0.00500000
587.914 0.00200000
588.027 0.07800000
588.596 0.00600000
588.675 0.00700000
588.724 0.00150000
588.857 0.01000000
588.889 0.00150000
588.96 0.00200000
588.981 0.00072000
589.029 0.00150000
589.115 0.00250000
589.409 0.00092000
589.929 0.09150000
590.163 0.00100000
590.332 0.02250000
590.373 0.00350000
590.433 0.00096000
590.63 0.00058000
590.642 0.00039000
590.645 0.00058000
591.008 0.00100000
591.372 0.00350000
591.373 0.00200000
591.409 0.00400000
591.853 0.05700000
591.907 0.00150000
591.991 0.00150000
592.192 0.00900000
592.211 0.07350000
592.427 0.00350000
592.851 0.00800000
592.971 0.02550000
592.994 0.00250000
593.085 0.00700000
593.351 0.00500000
593.731 0.00750000
593.742 0.01500000
593.766 0.00250000
593.781 0.04500000
594.034 0.03150000
594.065 0.00750000
594.078 0.00900000
594.175 0.07350000
594.466 0.00750000
595.099 0.00150000
595.259 0.00250000
595.3 0.00500000
595.316 0.15000000
595.398 0.00087000
595.557 0.00400000
595.736 0.00150000
595.875 0.00051000
596.133 0.00200000
596.446 0.00016000
596.48 0.00030000
596.529 0.00086000
596.582 0.08400000
596.583 0.04500000
596.718 0.00029000
596.914 0.00070000
596.982 0.00100000
597.118 0.00200000
597.165 0.02400000
597.304 0.00200000
597.333 0.00068000
597.854 0.07800000
597.914 0.00300000
597.966 0.00041000
598.006 0.00800000
598.082 0.00250000
598.253 0.00750000
598.396 0.00200000
598.458 0.01200000
598.591 0.00250000
598.738 0.07200000
598.855 0.01500000
598.899 0.01050000
598.949 0.01500000
599.053 0.00080000
599.084 0.01200000
599.262 0.00200000
599.496 0.08700000
599.566 0.00700000
599.6 0.01350000
599.901 0.01000000
599.966 0.04500000
600.14 0.06300000
600.189 0.01200000
600.24 0.02100000
600.263 0.00250000
600.375 0.00600000
600.52 0.00450000
600.58 0.00500000
600.712 0.00400000
601.079 0.00150000
601.194 0.00300000
601.273 0.00800000
601.278 0.09150000
601.341 0.00650000
601.477 0.00200000
601.576 0.01500000
601.699 0.00550000
601.754 0.01200000
601.839 0.04800000
601.864 0.02700000
602.073 0.01050000
602.27 0.03150000
602.29 0.00850000
602.495 0.04950000
602.928 0.08250000
603.167 0.00700000
603.203 0.25000000
603.793 0.01050000
603.969 0.00500000
604.01 0.02550000
604.106 0.00750000
604.188 0.00100000
604.22 0.01000000
604.525 0.00100000
604.601 0.01050000
604.654 0.00700000
604.872 0.00100000
605.331 0.00800000
605.419 0.00250000
605.427 0.00200000
605.707 0.00100000
605.873 0.00200000
605.917 0.01000000
606.276 0.00350000
606.462 0.05850000
606.535 0.02550000
606.64 0.01650000
606.875 0.05100000
606.927 0.00088000
607.244 0.02700000
607.376 0.01650000
607.628 0.01950000
607.753 0.00900000
607.785 0.00100000
607.893 0.02100000
607.986 0.01350000
608.069 0.01200000
608.47 0.00046000
608.522 0.04350000
609.117 0.06150000
609.279 0.01800000
609.866 0.03300000
610.254 0.01500000
610.281 0.00064000
610.354 0.01950000
610.648 0.02850000
610.779 0.00600000
612.1 0.02100000
612.231 0.00250000
612.379 0.00300000
612.459 0.00058000
612.621 0.08700000
612.824 0.00250000
613.036 0.00200000
613.278 0.00100000
613.351 0.00100000
613.842 0.00550000
614.152 0.00250000
614.563 0.00024000
614.621 0.10000000
614.718 0.00027000
614.776 0.00040000
614.917 0.00058000
614.973 0.00800000
615.063 0.00044000
615.191 0.00028000
615.466 0.00250000
615.6 0.00037000
615.734 0.00200000
615.896 0.00150000
616.472 0.00100000
616.494 0.00700000
616.511 0.00400000
617.475 0.01500000
618.614 0.10000000
619.339 0.02850000
619.405 0.01050000
619.434 0.01050000
620.032 0.00250000
620.075 0.00500000
620.124 0.00350000
620.522 0.01800000
620.929 0.00350000
621.221 0.01000000
621.274 0.00097000
621.449 0.00400000
621.523 0.04650000
621.924 0.00041000
621.992 0.00200000
622.047 0.04050000
622.13 0.01800000
622.143 0.03150000
622.724 0.00034000
623.162 0.00074000
624.096 0.00023000
624.665 0.00200000
624.774 0.00150000
625.059 0.00035000
625.78 0.00150000
625.81 0.07800000
625.87 0.10000000
626.11 0.10000000
626.26 0.00041000
626.286 0.00045000
626.481 0.00082000
626.601 0.00500000
626.852 0.00800000
627.339 0.00082000
627.749 0.00080000
629.241 0.00500000
629.3 0.00150000
629.525 0.00550000
629.594 0.00150000
629.664 0.01800000
629.686 0.00200000
629.807 0.00100000
630.336 0.00100000
630.375 0.15000000
631.128 0.00350000
631.223 0.05700000
631.238 0.00300000
631.804 0.03450000
632.466 0.00100000
632.516 0.02550000
633.61 0.05250000
634.524 0.00062000
635.742 0.00060000
635.868 0.00200000
635.917 0.00150000
635.988 0.00350000
636.134 0.00150000
636.485 0.00500000
636.634 0.05250000
637.15 0.00450000
638.122 0.00650000
638.556 0.00500000
639.547 0.00800000
640.621 0.00600000
640.78 0.00300000
641.31 0.00350000
641.836 0.02850000
641.909 0.02400000
643.139 0.01350000
643.95 0.01350000
644.773 0.00200000
645.0 0.00055000
647.944 0.00150000
649.014 0.00400000
649.157 0.03450000
649.65 0.00350000
649.768 0.02850000
649.986 0.00055000
649.991 0.00071000
650.46 0.00150000
650.812 0.02100000
650.838 0.00150000
651.168 0.00066000
651.253 0.00150000
651.304 0.00400000
651.428 0.00300000
651.824 0.00200000
651.94 0.00090000
652.101 0.00200000
652.658 0.00100000
653.642 0.00200000
653.75 0.00200000
654.304 0.00300000
654.475 0.00250000
654.627 0.02700000
654.775 0.00150000
654.832 0.00300000
655.422 0.04200000
655.483 0.00350000
655.606 0.04050000
655.957 0.00250000
656.131 0.00037000
656.426 0.00029000
656.55 0.01350000
657.226 0.00074000
657.516 0.00700000
657.578 0.00056000
657.591 0.00084000
658.524 0.00100000
659.291 0.00100000
659.91 0.04500000
660.145 0.00150000
660.588 0.00150000
660.696 0.00100000
661.138 0.00200000
661.363 0.00066000
662.158 0.00300000
662.231 0.00053000
662.262 0.00100000
662.287 0.00071000
662.838 0.00100000
662.885 0.00150000
662.937 0.00200000
663.455 0.00100000
663.635 0.00070000
664.134 0.00150000
664.451 0.00100000
664.71 0.00071000
664.747 0.00400000
665.036 0.00073000
665.071 0.00073000
665.192 0.00084000
665.428 0.00150000
665.701 0.00075000
666.585 0.00550000
666.65 0.00750000
666.655 0.02250000
666.669 0.00400000
666.773 0.00900000
666.799 0.00550000
666.838 0.01050000
667.374 0.00200000
667.419 0.00600000
667.718 0.01950000
667.857 0.01500000
668.013 0.00600000
668.565 0.00150000
668.926 0.01050000
669.438 0.00150000
670.628 0.00200000
670.776 0.00700000
671.0 0.00100000
671.666 0.01200000
671.781 0.00800000
672.48 0.00250000
672.576 0.00048000
673.41 0.00250000
674.312 0.03750000
674.319 0.03450000
674.32 0.00700000
674.534 0.00200000
674.555 0.00450000
674.633 0.00150000
674.838 0.00051000
675.194 0.00041000
676.396 0.00400000
677.622 0.00450000
678.237 0.00030000
678.346 0.00350000
678.522 0.00150000
678.59 0.00200000
679.355 0.00400000
679.453 0.00150000
679.612 0.00150000
680.5 0.00150000
680.796 0.00150000
681.102 0.00150000
681.439 0.00900000
681.811 0.00150000
682.795 0.00250000
683.943 0.00075000
684.168 0.00072000
684.931 0.00500000
686.145 0.03750000
686.226 0.00400000
687.234 0.00450000
687.389 0.00800000
687.435 0.00300000
689.612 0.00250000
690.562 0.00080000
690.78 0.00500000
691.323 0.00600000
691.385 0.00350000
691.585 0.00057000
691.958 0.00500000
692.07 0.00095000
692.157 0.00150000
692.228 0.00065000
692.583 0.00350000
692.62 0.03150000
692.793 0.00450000
693.096 0.00088000
693.244 0.00250000
693.314 0.01200000
693.588 0.00750000
693.657 0.01050000
693.769 0.00350000
694.369 0.01350000
694.37 0.01500000
694.535 0.00500000
694.611 0.01000000
696.144 0.05250000
696.377 0.00500000
696.854 0.00074000
697.448 0.00600000
697.699 0.00550000
697.851 0.01050000
698.231 0.02850000
698.312 0.01200000
698.874 0.00250000
699.023 0.00850000
699.123 0.00100000
699.664 0.01650000
699.746 0.00200000
699.893 0.02400000