386.915 0.00400000
388.715 0.00700000
393.305 0.00400000
394.602 0.00138000
410.985 0.00400000
415.575 0.00200000
422.305 0.00500000
426.981 0.00400000
427.498 0.02000000
430.68 0.00800000
435.99 0.00094000
438.057 0.00094000
449.077 0.00500000
473.705 0.00800000
498.135 0.00300000
507.854 0.00600000
508.699 0.00078000
515.214 0.01000000
518.195 0.00196000
518.31 0.00196000
535.046 1.00000000
536.24 0.00070000
538.485 0.00118000
540.992 0.00200000
541.097 0.00098000
549.94 0.00040000
592.78 0.00112000
594.948 0.00700000
617.998 0.02000000
623.903 0.00182000
637.832 0.00196000
654.984 0.06000000
671.38 0.02000000
696.65 0.00800000