380.314 0.03600000
380.772 0.02800000
381.072 0.07800000
381.739 0.13200000
382.639 0.01800000
382.667 0.01800000
383.027 0.01600000
383.039 0.01600000
383.82 0.10200000
384.784 0.00600000
384.802 0.40000000
385.784 0.01400000
386.308 0.01000000
388.125 0.01400000
388.313 0.08400000
388.344 0.12600000
388.735 0.07200000
389.053 0.03600000
389.662 0.01400000
390.079 0.07800000
391.648 0.09000000
391.714 0.01600000
392.145 0.02800000
392.866 0.02000000
392.958 0.09000000
393.728 0.05400000
393.909 0.03800000
394.927 0.06600000
395.649 0.01200000
395.81 0.27600000
397.668 0.20400000
399.558 0.09600000
399.652 0.18600000
399.884 0.03400000
401.012 0.00600000
402.192 0.02000000
402.26 0.02600000
402.562 0.07200000
402.603 0.02600000
402.637 0.03200000
403.213 0.12000000
403.389 0.01000000
404.176 0.01800000
404.447 0.03200000
405.581 0.12600000
406.048 0.01000000
406.074 0.01000000
407.411 0.01800000
407.615 0.01400000
407.722 0.03400000
409.419 0.20400000
410.046 0.00180000
410.273 0.01000000
410.584 0.19800000
410.793 0.00268000
411.948 0.01200000
412.548 0.02200000
413.269 0.02000000
413.833 0.10800000
413.839 0.08400000
414.455 0.00124000
414.591 0.00800000
414.914 0.15000000
415.273 0.00800000
415.86 0.01200000
418.09 0.02200000
418.762 0.60000000
419.098 0.05400000
419.992 0.19200000
420.373 0.40000000
420.6 0.03600000
421.198 0.00800000
422.267 0.00800000
422.906 0.01200000
423.963 0.00280000
424.153 0.01400000
424.215 0.80000000
424.317 0.01000000
426.049 0.15600000
427.172 0.05400000
429.836 0.18000000
429.959 0.04800000
430.136 0.04800000
433.547 0.40000000
433.963 0.11400000
434.134 0.19800000
434.648 0.04200000
435.993 0.60000000
436.346 0.04200000
436.724 0.12600000
436.865 0.03200000
437.514 0.04800000
437.828 0.00148000
438.541 0.11400000
438.643 0.40000000
439.442 0.13800000
439.596 0.02800000
439.65 0.04800000
439.972 0.40000000
440.007 0.03800000
440.232 0.00400000
441.17 0.06600000
442.596 0.08400000
442.633 0.11400000
443.74 0.34800000
444.206 0.10800000
444.274 0.22200000
444.758 0.10800000
445.403 0.28200000
445.806 0.04200000
445.999 0.04800000
446.608 0.01800000
446.798 0.04800000
447.001 0.00800000
447.994 0.01200000
448.126 0.39000000
448.554 0.00400000
448.97 0.02400000
449.2 0.00800000
449.227 0.00800000
449.707 0.00384000
449.904 0.01000000
450.713 0.00364000
451.96 0.15600000
451.965 0.00308000
451.973 0.02200000
452.257 1.00000000
452.482 0.24000000
452.604 0.04200000
452.938 0.25200000
453.215 0.04800000
454.382 0.00176000
454.81 0.02800000
454.86 0.10200000
455.668 0.18600000
455.763 0.09600000
456.186 0.13800000
456.364 0.01000000
456.468 0.10200000
456.711 0.10200000
456.733 0.00136000
457.198 0.05400000
457.22 0.00280000
457.532 0.01800000
457.556 0.01200000
457.661 0.04800000
458.284 0.06000000
459.065 0.03800000
459.498 0.00400000
459.663 0.21600000
459.902 0.60000000
460.129 0.19800000
460.343 0.25800000
460.485 0.03400000
460.523 0.06600000
460.935 0.02600000
461.397 0.04800000
461.447 0.10800000
461.47 0.01000000
461.594 0.80000000
461.906 0.03200000
462.172 0.02800000
462.633 0.06600000
462.656 0.06600000
462.697 0.03200000
463.396 0.02200000
463.426 0.11400000
464.08 0.00368000
464.296 0.06600000
464.312 0.09600000
464.458 0.07200000
465.509 0.36000000
466.67 0.03600000
467.121 0.00368000
467.199 0.04800000
467.51 0.04800000
467.531 0.06600000
467.786 0.12600000
468.016 0.00348000
468.132 0.00148000
468.192 0.22800000
468.511 0.12600000
468.63 0.00104000
468.691 0.01000000
469.111 0.22200000
470.156 0.04200000
471.164 0.03200000
472.426 0.14400000
472.555 0.04200000
473.334 0.31800000
475.075 0.20400000
475.459 0.05400000
475.99 0.28800000
476.696 0.00400000
477.134 0.00360000
478.992 0.27000000
479.534 0.03400000
480.868 0.37200000
481.35 0.32400000
482.699 0.13800000
482.897 0.12000000
483.12 0.40000000
483.575 0.10200000
484.459 0.08400000
484.689 0.10200000
485.176 0.40000000
486.293 0.14400000
487.037 0.40000000
487.228 0.01600000
487.919 0.15000000
488.368 0.40000000
488.426 0.02400000
488.735 0.02800000
489.164 0.34200000
489.968 0.02000000
490.974 0.40000000
491.708 0.07200000
492.383 0.60000000
492.773 0.60000000
493.588 0.05400000
493.875 0.00340000
494.835 0.34800000
494.984 0.01800000
495.123 0.00304000
495.718 1.00000000
496.016 0.04200000
496.467 0.04000000
497.087 0.10800000
497.126 0.60000000
497.512 0.16800000
497.89 0.04000000
498.068 0.09600000
498.513 1.00000000
498.867 0.02600000
498.932 0.04800000
499.278 0.08400000
499.379 0.04000000
499.472 0.02600000
500.102 0.80000000
500.159 0.60000000
500.977 0.60000000
501.456 0.06600000
501.787 0.07200000
502.112 0.33000000
502.489 0.13800000
502.706 0.02400000
503.104 0.01800000
503.422 0.38400000
504.1 0.02000000
504.35 0.19200000
504.476 0.00400000
504.541 0.35400000
505.304 0.40000000
506.042 0.08400000
506.09 0.25200000
506.225 0.33600000
506.581 0.07200000
506.588 0.25800000
506.667 0.02000000
506.889 0.10200000
507.106 0.06000000
507.242 0.03200000
507.351 0.21600000
507.636 0.29400000
507.718 0.02000000
508.058 0.04200000
508.424 0.00800000
508.462 0.01200000
508.509 0.27600000
510.113 0.05400000
510.753 0.12600000
511.397 0.01800000
511.455 0.06000000
512.067 0.14400000
512.452 0.02000000
512.782 0.10800000
512.921 0.01600000
513.428 0.07800000
513.55 0.04200000
513.568 0.03000000
514.028 0.00800000
514.289 0.17400000
514.77 0.02200000
514.94 0.01000000
515.04 0.00220000
516.054 0.06600000
516.82 0.00236000
517.461 0.00800000
518.268 0.13200000
518.525 0.02000000
520.451 0.07800000
520.712 0.08400000
521.265 0.11400000
521.338 0.06000000
521.624 0.00600000
521.804 0.10200000
522.63 0.04800000
522.823 0.06600000
525.55 0.06600000
526.093 0.01800000
526.734 0.04200000
527.471 0.13800000
528.539 0.00600000
529.114 0.33600000
529.432 0.35400000
529.793 0.01200000
530.02 0.35400000
530.587 0.08400000
530.712 0.40000000
531.186 0.01400000
531.227 0.37200000
532.299 0.03200000
532.383 0.20400000
532.46 0.24600000
532.65 0.01000000
532.785 0.02000000
533.322 0.01000000
533.89 0.24600000
533.903 0.60000000
534.649 0.29400000
535.878 0.05400000
537.298 0.21600000
538.516 0.02400000
538.674 0.19800000
539.046 0.31800000
539.196 0.13800000
540.046 0.22800000
540.06 0.16800000
540.223 0.08400000
540.598 0.27600000
541.244 0.02400000
541.373 0.80000000
542.166 0.01800000
542.651 0.04800000
543.565 0.09000000
544.075 0.03400000
546.195 0.60000000
546.554 0.28200000
547.308 0.21000000
549.136 0.05400000
549.562 0.11400000
550.03 0.01600000
552.556 0.07200000
552.682 0.03600000
553.903 0.07200000
554.944 0.04200000
556.6 0.02800000
556.612 0.02800000
558.137 0.02800000
558.665 0.00600000
558.994 0.13200000
560.664 0.09000000
561.323 0.10200000
562.546 0.00348000
563.141 0.19200000
563.472 0.00064000
564.26 0.06600000
564.54 0.04800000
565.043 0.02600000
565.83 0.08400000
567.584 0.16200000
568.359 0.01800000
568.476 0.12600000
569.642 0.04200000
570.274 0.00600000
570.35 0.00600000
570.49 0.00400000
570.997 0.08400000
571.242 0.02400000
571.579 0.06000000
571.71 0.04200000
573.381 0.02400000
573.72 0.00220000
573.892 0.06600000
574.972 0.00336000
575.552 0.00800000
575.802 0.03000000
576.02 0.03600000
576.429 0.06600000
577.882 0.00076000
578.236 0.02600000
578.446 0.00400000
579.997 0.00248000
580.113 0.00328000
581.119 0.03800000
581.646 0.06600000
581.665 0.00600000
583.876 0.11400000
584.138 0.00168000
588.247 0.00800000
589.563 0.21000000
589.947 0.02400000
590.157 0.01400000
591.258 0.04200000
591.602 0.02000000
592.085 0.06000000
592.262 0.00800000
593.17 0.13200000
593.59 0.07800000
594.816 0.04200000
596.601 0.10800000
597.126 0.18000000
598.174 0.09600000
598.487 0.15600000
600.513 0.00600000
601.186 0.00600000
602.544 0.21600000
606.778 0.04200000
611.888 0.40000000
613.153 0.40000000
616.455 0.00600000
617.081 0.02200000
617.529 0.21600000
617.896 0.00296000
618.141 0.80000000
622.327 0.11400000
624.229 0.12600000
627.957 0.07800000
629.946 0.80000000
633.892 0.00600000
634.475 0.27000000
635.266 0.40000000
636.841 0.11400000
638.853 0.22800000
640.144 0.31800000
640.682 0.05400000
641.015 0.03000000
641.277 0.01000000
643.094 0.24600000
644.054 0.06600000
645.274 0.00600000
646.026 0.18600000
646.34 0.00192000
646.679 0.00112000
649.07 0.13800000
651.138 0.03400000
651.978 0.12600000
657.554 0.08400000
658.368 0.01400000
660.496 0.17400000
662.725 0.03000000
665.772 0.10800000
665.864 0.06000000
666.399 0.00168000
667.234 0.02600000
668.453 0.01800000
669.293 0.04200000
672.137 0.39000000
672.634 0.09600000
672.794 0.00800000
673.922 0.11400000
676.748 0.04800000
677.793 0.05400000
677.977 0.80000000
678.2 0.04200000
678.852 0.06000000
682.027 0.02800000
682.695 0.03800000
682.912 0.00400000
683.109 0.04200000
684.426 0.60000000
684.576 0.40000000
685.412 0.04800000
685.686 0.01200000
689.856 0.05400000
691.586 0.07800000
693.737 0.15600000
694.954 0.07800000
697.669 0.00800000