380.922 0.03705882
381.199 0.04411765
381.379 0.04764706
381.406 0.06000000
382.651 0.11294118
383.146 0.05470588
383.963 0.06176471
384.86 0.01941176
385.422 0.03882353
385.464 0.05647059
385.957 0.05647059
386.117 0.00941176
386.592 0.04411765
386.68 0.04411765
387.103 0.04941176
387.404 0.02470588
387.808 0.01235294
388.145 0.04411765
388.236 0.02647059
388.328 0.02647059
389.036 0.04764706
389.268 0.04058824
389.412 0.03882353
389.677 0.03176471
389.978 0.03882353
390.255 0.02117647
390.43 0.01764706
390.645 0.02117647
391.167 0.01941176
391.588 0.03176471
392.621 0.02823529
392.672 0.00941176
393.098 0.03352941
393.202 0.04588235
393.538 0.01588235
394.048 0.01235294
394.382 0.03000000
394.844 0.01235294
395.358 0.01235294
395.467 0.02470588
396.421 0.00352941
396.652 0.02294118
398.579 0.02117647
399.042 0.01411765
399.253 0.00705882
399.824 0.01235294
400.406 0.01411765
400.521 0.01588235
401.772 0.01764706
401.899 0.01764706
404.275 0.03176471
404.441 0.02117647
404.761 0.01588235
405.004 0.03000000
405.191 0.02117647
405.43 0.01235294
405.819 0.00882353
406.254 0.01764706
406.775 0.01941176
407.112 0.02470588
407.448 0.01058824
407.669 0.01058824
408.06 0.02294118
409.013 0.04941176
409.303 0.03705882
410.638 0.01764706
411.61 0.06000000
412.473 0.05647059
412.834 0.03882353
414.122 0.07235294
415.397 0.04411765
415.665 0.04588235
416.368 0.03176471
417.159 0.10235294
418.927 0.04941176
422.237 0.07058824
424.167 0.23529412
424.437 0.11764706
434.169 0.23529412
435.574 0.09882353
436.205 0.17647059
439.359 0.23529412
447.233 0.70588235
451.528 0.41176471
454.363 0.70588235
462.021 0.17647059
462.707 0.41176471
463.162 0.17647059
464.66 0.23529412
466.685 0.23529412
467.14 0.17647059
468.907 0.47058824
470.251 0.17647059
472.272 0.35294118
473.159 0.35294118
475.574 0.17647059
475.681 0.11764706
477.27 0.29411765
486.099 0.17647059
500.821 0.64705882
502.738 0.94117647
511.724 0.23529412
516.032 0.41176471
516.414 0.29411765
518.457 0.29411765
520.431 0.17647059
524.775 0.23529412
525.704 0.29411765
528.038 0.23529412
538.619 0.11764706
547.57 0.10588235
548.026 0.11764706
548.12 0.11764706
548.253 0.08117647
549.295 0.23529412
552.782 0.17647059
556.417 0.17647059
558.159 0.04764706
562.078 0.10058824
578.059 0.11294118
579.853 0.10058824
583.602 0.11764706
583.768 0.11764706
591.539 0.88235294
597.15 0.76470588
597.632 0.82352941
599.731 0.47058824
601.738 0.11764706
605.174 0.29411765
606.722 0.29411765
607.729 1.00000000
608.734 0.23529412
617.186 0.52941176
617.539 0.11764706
628.018 0.23529412
635.929 0.29411765
637.246 0.41176471
637.852 0.03000000
639.277 0.09705882
639.542 0.47058824
644.916 0.29411765
646.498 0.17647059
682.692 0.76470588
687.674 0.23529412