380.288 0.09259259
380.348 0.22222222
380.378 0.04320988
380.39 0.04320988
380.437 0.00049383
380.458 0.02469136
380.491 0.11111111
380.62 0.00027160
380.646 0.00925926
380.68 0.14814815
380.75 0.35185185
380.811 0.01234568
380.831 0.00135802
380.852 0.22222222
380.908 0.00938272
380.96 0.31481481
381.038 0.00283951
381.263 0.00033333
381.311 0.00019753
381.335 0.01234568
381.349 0.22222222
381.538 0.66666667
381.552 0.12962963
381.784 0.06790123
381.798 0.03086420
381.824 0.08641975
381.877 0.01234568
381.996 0.25925926
382.029 0.11111111
382.149 0.22222222
382.2 0.29629630
382.267 0.00864198
382.289 0.16666667
382.321 0.14814815
382.338 0.01851852
382.374 0.04320988
382.398 0.14814815
382.499 0.00777778
382.531 0.02469136
382.54 0.00432099
382.587 0.00102469
382.643 0.00444444
382.677 0.04938272
382.697 0.10493827
382.783 0.00056790
382.856 0.08641975
382.883 0.06172840
382.952 0.01851852
382.965 0.02469136
383.026 0.16666667
383.059 0.01851852
383.101 0.01851852
383.182 0.06172840
383.232 0.00839506
383.283 0.10493827
383.322 0.04320988
383.342 0.00950617
383.374 0.00001025
383.38 0.04320988
383.414 0.01851852
383.421 0.72222222
383.422 0.08024691
383.433 0.00096296
383.481 0.02469136
383.518 0.12962963
383.556 0.20370370
383.556 0.00034568
383.605 0.06172840
383.64 0.04320988
383.743 0.02469136
383.773 0.04320988
383.853 0.00002840
383.9 0.24074074
383.938 0.12345679
384.002 0.00407407
384.013 0.04938272
384.043 0.16666667
384.075 0.04938272
384.189 0.12962963
384.199 0.00456790
384.273 0.01851852
384.35 0.18518519
384.444 0.38888889
384.489 0.09259259
384.664 0.01086420
384.733 0.74074074
384.733 0.37037037
384.932 0.22222222
384.975 0.01074074
385.012 0.05555556
385.04 0.03703704
385.117 0.16666667
385.21 0.06790123
385.21 0.06790123
385.486 0.01234568
385.511 0.00002963
385.536 0.16666667
385.584 0.64814815
385.585 0.77777778
385.787 0.01234568
385.868 0.14814815
385.934 0.06172840
385.941 0.03703704
385.962 0.00395062
386.074 0.06172840
386.141 0.00296296
386.161 0.03086420
386.212 0.01851852
386.222 0.24074074
386.317 0.00308642
386.361 0.01111111
386.378 0.00197531
386.386 0.07407407
386.455 0.00975309
386.486 0.27777778
386.571 0.00022222
386.583 0.00004568
386.638 0.01061728
386.672 0.14814815
386.734 0.04320988
386.76 0.18518519
386.885 0.00555556
386.998 0.00543210
387.057 0.09259259
387.069 0.00666667
387.099 0.01851852
387.108 0.14814815
387.276 0.02469136
387.288 0.00481481
387.321 0.01234568
387.363 0.08641975
387.403 0.00246914
387.418 0.00246914
387.434 0.02469136
387.507 0.16666667
387.52 0.07407407
387.526 0.01049383
387.531 0.03086420
387.542 0.02469136
387.555 0.03086420
387.565 0.00019753
387.59 0.09876543
387.608 0.12345679
387.674 0.06172840
387.773 0.00333333
387.833 0.03086420
387.871 0.22222222
387.922 0.08024691
387.965 0.11111111
387.975 0.02469136
388.025 0.03086420
388.042 0.02469136
388.078 0.00222222
388.083 0.00444444
388.103 0.01111111
388.159 0.02469136
388.179 0.01851852
388.319 0.00035802
388.32 0.00432099
388.343 0.00018519
388.388 0.08641975
388.394 0.02469136
388.446 0.06172840
388.484 0.14814815
388.533 0.01234568
388.557 0.00851852
388.577 0.04320988
388.619 0.00827160
388.658 0.04938272
388.668 0.00728395
388.757 0.00641975
388.806 0.03086420
388.832 0.01851852
388.922 0.02469136
388.952 0.00333333
388.971 0.00802469
388.983 0.00716049
389.018 0.18518519
389.028 0.03086420
389.113 0.00950617
389.121 0.01234568
389.124 0.00007654
389.146 0.00543210
389.245 0.00925926
389.286 0.11111111
389.297 0.00753086
389.374 0.00469136
389.404 0.03703704
389.41 0.00076543
389.57 0.01234568
389.614 0.08641975
389.661 0.01049383
389.678 0.00345679
389.707 0.06790123
389.797 0.07407407
389.805 0.01851852
389.813 0.06790123
389.826 0.01851852
389.846 0.00259259
389.913 0.01851852
389.936 0.00740741
390.009 0.06790123
390.017 0.08024691
390.115 0.08024691
390.168 0.00802469
390.225 0.03086420
390.249 0.00259259
390.254 0.00962963
390.325 0.00469136
390.439 0.00308642
390.446 0.03086420
390.57 0.07407407
390.675 0.07407407
390.718 0.00296296
390.751 0.00296296
390.83 0.07407407
390.94 0.00370370
390.966 0.01851852
390.986 0.62962963
390.992 0.07407407
391.004 0.04938272
391.039 0.00160494
391.079 0.04938272
391.17 0.00543210
391.22 0.06790123
391.239 0.03703704
391.288 0.05555556
391.358 0.00271605
391.406 0.00234568
391.432 0.00382716
391.432 0.09259259
391.512 0.01851852
391.538 0.00259259
391.64 0.04938272
391.654 0.00469136
391.905 0.00209877
391.998 0.03086420
392.048 0.04320988
392.173 0.00080247
392.19 0.04320988
392.243 0.09259259
392.426 0.00054321
392.465 0.04320988
392.472 0.00024691
392.476 0.00444444
392.519 0.03703704
392.524 0.04320988
392.632 0.01851852
392.648 0.01851852
392.669 0.00308642
392.792 0.05555556
392.847 0.00222222
392.972 0.03703704
393.002 0.05555556
393.123 0.01123457
393.133 0.02469136
393.319 0.00098765
393.345 0.00345679
393.355 0.00320988
393.401 0.10493827
393.513 0.04320988
393.628 0.03086420
393.752 0.04938272
393.82 0.03086420
393.888 0.01234568
393.932 0.03703704
394.058 0.01234568
394.124 0.03086420
394.2 0.01234568
394.359 0.00987654
394.366 0.04938272
394.394 0.00308642
394.519 0.00185185
394.588 0.00197531
394.862 0.00728395
395.012 0.00333333
395.023 0.01851852
395.113 0.00000000
395.135 0.00000000
395.196 0.04320988
396.035 0.00001136
396.361 0.01851852
396.443 0.00172840
396.567 0.00088889
396.66 0.00000000
396.809 0.03703704
397.014 0.00007654
397.195 0.00444444
397.335 0.02469136
397.363 0.03703704
397.534 0.03086420
397.772 0.00913580
397.834 0.00691358
397.914 0.04320988
397.942 0.03703704
398.051 0.03703704
398.063 0.00077778
398.433 0.03086420
398.459 0.03703704
398.576 0.03703704
398.763 0.00493827
398.788 0.00093827
398.808 0.00370370
398.883 0.06790123
398.947 0.00000000
398.979 0.00950617
399.054 0.11728395
399.06 0.22222222
399.078 0.00095062
399.105 0.00345679
399.146 0.00580247
399.195 0.00197531
399.265 0.01234568
399.279 0.05555556
399.322 0.00096296
399.461 0.00098765
399.488 0.03703704
399.711 0.04320988
399.872 0.10493827
399.918 0.00104938
399.919 0.04320988
399.993 0.00740741
400.008 0.00851852
400.114 0.00222222
400.166 0.00108642
400.203 0.04938272
400.246 0.03086420
400.293 0.08641975
400.296 0.00111111
400.316 0.00209877
400.352 0.01012346
400.43 0.01172840
400.437 0.00113580
400.57 0.03703704
400.701 0.00160494
400.816 0.01197531
400.975 0.00122222
400.978 0.00604938
401.13 0.01111111
401.25 0.03086420
401.362 0.00123457
401.41 0.00123457
401.507 0.02469136
401.535 0.00097531
401.566 0.00271605
401.666 0.00271605
401.681 0.01851852
401.713 0.02469136
401.728 0.01851852
401.749 0.00123457
401.893 0.00185185
401.904 0.00740741
401.914 0.00469136
401.945 0.00246914
402.029 0.01851852
402.054 0.00320988
402.141 0.00074074
402.168 0.01234568
402.191 0.00987654
402.21 0.01851852
402.305 0.00333333
402.317 0.00851852
402.338 0.03703704
402.343 0.00320988
402.442 0.00246914
402.53 0.00296296
402.62 0.00044444
402.691 0.00197531
402.73 0.00000000
402.797 0.00654321
402.81 0.00069136
402.989 0.00543210
403.005 0.01061728
403.012 0.00135802
403.1 0.00116049
403.122 0.01160494
403.157 0.00113580
403.183 0.01148148
403.249 0.00592593
403.284 0.00234568
403.306 0.00740741
403.373 0.00765432
403.474 0.00135802
403.509 0.00209877
403.562 0.09259259
403.589 0.00333333
403.616 0.00209877
403.676 0.04320988
403.725 0.00123457
403.739 0.00100000
403.798 0.00851852
403.854 0.00222222
403.956 0.00888889
404.006 0.00185185
404.029 0.00222222
404.152 0.01135802
404.263 0.01851852
404.492 0.05555556
404.54 0.05555556
404.624 0.04320988
404.626 0.01851852
404.688 0.00419753
404.709 0.00118519
404.742 0.00101235
404.742 0.00118519
404.862 0.03703704
404.901 0.00002963
405.095 0.01851852
405.105 0.00014815
405.135 0.01851852
405.245 0.00172840
405.325 0.00679012
405.357 0.08024691
405.365 0.00222222
405.559 0.00108642
405.591 0.04320988
405.625 0.00320988
405.706 0.01851852
405.782 0.01037037
406.038 0.07407407
406.083 0.00197531
406.158 0.00048148
406.27 0.00185185
406.393 0.01234568
406.49 0.14814815
406.506 0.09259259
406.542 0.00123457
406.652 0.00088889
406.7 0.00172840
406.774 0.04320988
406.797 0.00888889
406.962 0.22222222
407.076 0.00876543
407.153 0.01234568
407.213 0.01234568
407.419 0.00740741
407.565 0.00172840
407.797 0.00185185
407.871 0.00185185
407.933 0.02469136
408.044 0.00000000
408.291 0.01234568
408.422 0.00117284
408.454 0.00000000
408.566 0.01037037
408.936 0.00109877
408.994 0.01234568
409.051 0.00469136
409.057 0.06790123
409.193 0.00901235
409.239 0.01851852
409.252 0.00950617
409.268 0.02469136
409.348 0.01000000
409.427 0.01086420
409.548 0.04320988
409.693 0.00728395
409.803 0.00101235
409.838 0.01851852
409.848 0.00118519
409.879 0.00088889
409.886 0.00060494
409.978 0.02469136
410.099 0.00345679
410.099 0.00666667
410.133 0.00062963
410.158 0.00069136
410.215 0.03086420
410.247 0.00060494
410.32 0.10493827
410.34 0.00320988
410.438 0.01234568
410.477 0.01111111
410.516 0.01851852
410.702 0.00000000
410.747 0.00950617
410.82 0.01135802
410.903 0.00283951
410.976 0.03703704
410.982 0.06790123
411.054 0.07407407
411.07 0.00097531
411.074 0.00197531
411.157 0.00938272
411.178 0.09876543
411.198 0.09259259
411.219 0.00839506
411.232 0.00296296
411.306 0.06172840
411.319 0.00002346
411.351 0.01851852
411.456 0.00592593
411.518 0.03086420
411.548 0.00197531
411.647 0.01851852
411.655 0.12962963
411.669 0.00296296
411.797 0.00209877
411.818 0.01012346
411.825 0.00938272
411.862 0.00913580
411.909 0.00209877
411.925 0.00086420
411.944 0.01234568
412.053 0.01851852
412.073 0.00234568
412.095 0.00987654
412.178 0.00123457
412.229 0.00345679
412.254 0.00008148
412.318 0.00888889
412.35 0.04320988
412.406 0.01234568
412.77 0.01234568
412.806 0.06172840
412.885 0.01851852
412.924 0.00007037
413.014 0.00691358
413.035 0.00617284
413.094 0.00456790
413.1 0.00234568
413.117 0.00716049
413.148 0.06172840
413.18 0.01234568
413.199 0.03086420
413.24 0.00641975
413.288 0.00506173
413.307 0.00283951
413.377 0.02469136
413.389 0.06790123
413.448 0.10493827
413.478 0.09259259
413.529 0.01234568
413.61 0.02469136
413.638 0.02469136
413.672 0.00000000
413.693 0.00802469
413.723 0.00197531
413.798 0.00407407
413.811 0.00617284
413.817 0.00259259
413.822 0.00259259
413.925 0.02469136
413.937 0.00456790
413.962 0.00197531
414.007 0.00012346
414.133 0.03703704
414.182 0.01851852
414.235 0.02469136
414.262 0.01851852
414.287 0.01234568
414.29 0.00020988
414.338 0.00691358
414.551 0.00827160
414.604 0.00382716
414.614 0.00197531
414.679 0.00001358
414.835 0.00005926
414.885 0.01234568
415.008 0.00000000
415.065 0.01234568
415.133 0.00604938
415.332 0.01234568
415.518 0.00234568
415.589 0.00839506
415.706 0.00000000
415.794 0.00938272
415.838 0.00308642
415.85 0.00106173
415.968 0.01851852
416.04 0.00172840
416.206 0.00001728
416.232 0.00395062
416.365 0.00002222
416.401 0.00790123
416.415 0.00135802
416.669 0.00444444
416.7 0.00320988
416.84 0.00000000
416.891 0.00777778
416.926 0.01851852
417.129 0.01851852
417.159 0.00160494
417.29 0.00001481
417.401 0.01851852
417.439 0.00111111
417.512 0.00740741
417.587 0.00004444
417.664 0.00493827
417.666 0.00000000
417.679 0.00679012
417.706 0.01851852
417.755 0.00345679
417.838 0.01234568
417.896 0.03703704
417.905 0.00271605
417.941 0.03086420
418.048 0.00039506
418.082 0.00308642
418.085 0.00003086
418.207 0.01234568
418.258 0.03086420
418.327 0.00432099
418.343 0.03086420
418.411 0.00093827
418.677 0.00753086
418.77 0.00604938
418.862 0.00054321
418.967 0.00148148
418.984 0.03086420
419.018 0.00148148
419.04 0.00876543
419.073 0.00209877
419.089 0.00592593
419.152 0.16666667
419.157 0.02469136
419.181 0.00259259
419.399 0.00679012
419.559 0.01851852
419.582 0.00000000
419.623 0.00135802
419.728 0.00530864
419.76 0.04320988
419.76 0.02469136
419.86 0.06172840
419.958 0.00271605
419.982 0.00518519
420.019 0.01851852
420.032 0.00000000
420.09 0.03703704
420.235 0.03086420
420.31 0.07407407
420.362 0.09876543
420.42 0.01234568
420.45 0.00135802
420.508 0.04320988
420.659 0.00419753
420.974 0.03086420
420.985 0.07407407
421.085 0.00419753
421.347 0.00320988
421.391 0.00666667
421.635 0.03086420
421.797 0.00975309
421.805 0.01851852
421.849 0.01000000
421.87 0.16666667
421.949 0.04938272
422.004 0.12345679
422.104 0.02469136
422.187 0.01234568
422.231 0.01234568
422.234 0.04938272
422.257 0.01851852
422.292 0.03703704
422.413 0.18518519
422.45 0.04320988
422.494 0.00004321
422.521 0.14814815
422.55 0.00049383
422.606 0.01851852
422.662 0.11728395
422.774 0.12962963
422.941 0.01185185
422.947 0.01185185
422.969 0.12962963
423.116 0.01851852
423.202 0.04938272
423.246 0.08024691
423.295 0.07407407
423.4 0.08641975
423.424 0.01851852
423.452 0.08024691
423.454 0.00034568
423.576 0.03703704
423.587 0.00005309
423.625 0.00003704
423.662 0.01851852
423.68 0.01074074
423.748 0.00197531
423.886 0.00320988
423.895 0.01851852
423.96 0.01197531
424.008 0.00876543
424.035 0.00296296
424.035 0.04320988
424.073 0.00002840
424.131 0.04320988
424.19 0.00007284
424.288 0.04320988
424.635 0.00172840
424.671 0.01851852
424.753 0.00271605
424.807 0.00530864
424.881 0.01074074
425.124 0.00395062
425.274 0.00234568
425.283 0.03086420
425.439 0.00007778
425.442 0.01135802
425.556 0.00382716
425.674 0.00011358
425.701 0.01049383
425.736 0.03086420
425.749 0.00209877
425.848 0.00209877
425.856 0.00209877
425.885 0.00728395
425.931 0.03086420
426.014 0.00481481
426.074 0.00641975
426.103 0.00006543
426.12 0.01851852
426.216 0.04320988
426.383 0.00654321
426.449 0.00000000
426.59 0.00975309
426.755 0.00370370
426.864 0.08641975
426.975 0.03086420
427.031 0.03703704
427.032 0.04320988
427.063 0.00001728
427.155 0.04320988
427.273 0.00296296
427.34 0.00259259
427.695 0.05555556
427.72 0.01148148
427.886 0.01851852
427.953 0.00370370
428.29 0.04938272
428.332 0.00014815
428.385 0.00864198
428.404 0.04938272
428.612 0.00703704
428.641 0.04938272
428.78 0.03703704
428.875 0.00000000
428.88 0.00703704
429.037 0.00197531
429.129 0.03703704
429.181 0.09259259
429.374 0.00000000
429.61 0.08641975
429.709 0.01172840
429.767 0.06172840
429.774 0.00308642
429.802 0.08024691
429.858 0.00296296
429.908 0.01234568
430.11 0.03703704
430.212 0.03086420
430.352 0.06790123
430.414 0.00003704
430.481 0.00419753
430.54 0.01234568
430.547 0.11728395
430.621 0.12962963
430.656 0.00641975
430.717 0.12962963
430.732 0.00370370
430.843 0.00703704
430.924 0.06172840
430.952 0.03086420
430.979 0.12962963
431.047 0.00012346
431.144 0.00864198
431.161 0.00987654
431.235 0.00185185
431.282 0.00246914
431.328 0.00000000
431.352 0.05555556
431.389 0.03703704
431.419 0.00604938
431.482 0.02469136
431.579 0.00160494
431.624 0.00000000
431.851 0.01234568
431.993 0.00370370
432.026 0.01851852
432.199 0.00001728
432.201 0.00765432
432.233 0.01234568
432.351 0.00308642
432.45 0.00222222
432.463 0.00209877
432.52 0.01074074
432.616 0.00839506
432.625 0.01851852
432.768 0.05555556
433.0 0.00172840
433.002 0.06790123
433.108 0.00382716
433.144 0.09876543
433.154 0.00493827
433.178 0.00001852
433.211 0.00197531
433.238 0.01234568
433.282 0.09876543
433.369 0.02469136
433.41 0.03086420
433.546 0.00185185
433.572 0.00003210
433.612 0.00703704
433.881 0.03086420
433.916 0.00296296
434.1 0.11111111
434.219 0.03086420
434.283 0.09876543
434.483 0.03703704
434.687 0.00001074
434.743 0.00345679
434.995 0.00654321
435.066 0.02469136
435.081 0.01851852
435.244 0.01234568
435.287 0.02469136
435.333 0.01234568
435.497 0.04320988
435.594 0.05555556
435.678 0.00950617
435.744 0.01851852
435.765 0.00716049
436.058 0.04320988
436.1 0.01234568
436.127 0.00209877
436.139 0.03086420
436.331 0.02469136
436.352 0.05555556
436.421 0.04320988
436.573 0.02469136
436.689 0.01234568
436.706 0.01160494
436.804 0.03703704
436.859 0.04938272
436.906 0.03086420
437.026 0.00002593
437.322 0.07407407
437.342 0.00703704
437.382 0.06172840
437.42 0.00395062
437.506 0.01851852
437.51 0.00283951
437.53 0.05555556
437.606 0.00518519
437.679 0.00333333
437.787 0.01851852
437.793 0.03086420
437.923 0.50000000
438.054 0.03703704
438.096 0.00246914
438.098 0.02469136
438.106 0.00679012
438.124 0.01851852
438.174 0.00382716
438.39 0.02469136
438.418 0.02469136
438.471 0.37037037
438.5 0.00296296
438.533 0.01160494
438.721 0.04938272
438.81 0.00543210
438.979 0.03703704
438.998 0.31481481
439.06 0.04320988
439.167 0.03703704
439.207 0.11111111
439.308 0.05555556
439.383 0.07407407
439.48 0.02469136
439.522 0.29629630
439.736 0.04938272
439.784 0.01086420
439.848 0.00055556
439.941 0.04320988
440.057 0.42592593
440.11 0.01851852
440.173 0.01209877
440.23 0.00716049
440.255 0.00013580
440.367 0.12962963
440.466 0.00004444
440.502 0.01234568
440.577 0.01074074
440.61 0.12345679
440.664 0.24074074
440.763 0.08641975
440.82 0.16666667
440.849 0.00555556
440.851 0.16666667
440.868 0.05555556
440.889 0.00039506
441.214 0.12345679
441.368 0.06790123
441.454 0.04938272
441.503 0.03086420
441.647 0.07407407
441.668 0.01234568
441.684 0.00654321
441.845 0.01851852
441.931 0.00469136
441.993 0.12345679
442.095 0.00469136
442.157 0.12345679
442.223 0.02469136
442.247 0.01851852
442.321 0.18518519
442.36 0.00407407
442.391 0.03086420
442.457 0.09259259
442.571 0.04320988
442.6 0.12962963
442.729 0.11111111
442.851 0.14814815
442.979 0.18518519
443.05 0.06172840
443.288 0.09259259
443.459 0.12962963
443.537 0.04320988
443.613 0.14814815
443.639 0.00009753
443.687 0.00197531
443.736 0.00320988
443.783 0.10493827
443.899 0.01234568
443.94 0.00001728
444.039 0.00023457
444.168 0.18518519
444.334 0.04938272
444.421 0.11728395
444.582 0.00358025
444.957 0.06790123
445.075 0.00641975
445.09 0.09876543
445.176 0.02469136
445.201 0.14814815
445.27 0.08641975
445.312 0.06172840
445.333 0.18518519
445.411 0.00085185
445.412 0.06172840
445.644 0.09259259
445.649 0.14814815
445.654 0.00090123
445.747 0.25925926
445.775 0.12962963
445.839 0.16666667
445.975 0.44444444
446.029 0.46296296
446.043 0.29629630
446.099 0.20370370
446.236 0.42592593
446.312 0.01234568
446.422 0.22222222
446.43 0.18518519
446.474 0.16666667
446.549 0.24074074
446.615 0.01234568
446.686 0.10493827
446.761 0.03703704
446.8 0.24074074
446.876 0.12962963
446.97 0.20370370
447.004 0.00716049
447.035 0.00864198
447.081 0.01851852
447.132 0.18518519
447.176 0.05555556
447.222 0.00604938
447.322 0.03703704
447.404 0.29629630
447.471 0.24074074
447.522 0.00010000
447.568 0.09259259
447.588 0.05555556
447.92 0.00000000
448.003 0.22222222
448.225 0.00005062
448.348 0.00014815
448.48 0.00691358
448.624 0.00740741
448.827 0.00580247
448.889 0.35185185
449.002 0.00567901
449.015 0.00641975
449.081 0.14814815
449.117 0.03086420
449.147 0.01234568
449.229 0.02469136
449.3 0.00002099
449.606 0.16666667
449.677 0.01851852
449.684 0.22222222
449.691 0.08641975
449.739 0.08024691
449.771 0.01111111
449.811 0.00629630
449.975 0.00876543
450.078 0.00987654
450.086 0.01148148
450.124 0.03703704
450.144 0.03086420
450.195 0.11111111
450.208 0.01851852
450.517 0.00000000
450.608 0.01851852
450.619 0.02469136
450.657 0.03703704
450.867 0.00000000
450.928 0.02469136
450.98 0.00002222
451.04 0.00580247
451.143 0.01160494
451.27 0.24074074
451.301 0.00765432
451.361 0.03703704
451.418 0.14814815
451.555 0.03703704
451.59 0.00604938
451.607 0.00469136
451.734 0.00017284
451.838 0.00029630
451.858 0.00000000
452.016 0.16666667
452.218 0.00975309
452.421 0.27777778
452.453 0.00679012
452.515 0.10493827
452.798 0.06790123
452.83 0.01851852
452.848 0.06790123
452.906 0.00062963
452.929 0.06172840
452.958 0.09876543
453.066 0.00629630
453.078 0.08024691
453.216 0.12962963
453.391 0.09876543
453.481 0.00135802
453.519 0.00018519
453.558 0.01024691
453.766 0.14814815
453.861 0.00003704
454.001 0.09259259
454.142 0.01851852
454.539 0.25925926
454.643 0.01234568
454.747 0.00641975
454.903 0.00271605
454.95 0.01222222
454.964 0.18518519
455.184 0.05555556
455.305 0.12962963
455.32 0.00901235
455.536 0.03086420
455.674 0.03703704
455.844 0.00039506
455.971 0.00864198
456.071 0.24074074
456.458 0.55555556
456.512 0.00033333
456.555 0.00209877
456.563 0.00358025
456.584 0.00123457
456.728 0.00654321
457.005 0.00382716
457.042 0.24074074
457.178 0.37037037
457.495 0.01234568
457.717 0.50000000
457.764 0.06172840
457.842 0.00048148
457.873 0.29629630
457.919 0.14814815
458.04 0.35185185
458.065 0.04938272
458.122 0.06172840
458.378 0.25925926
458.597 0.50000000
458.637 0.83333333
458.877 0.05555556
459.049 0.08024691
459.112 0.22222222
459.122 0.27777778
459.188 0.00925926
459.412 0.27777778
459.623 0.01234568
459.635 0.02469136
459.928 0.00567901
460.017 0.48148148
460.295 0.04938272
460.42 0.03086420
460.534 0.05555556
460.615 0.20370370
460.721 0.02469136
460.795 0.05555556
460.815 0.00000000
460.964 0.06172840
461.092 0.03086420
461.173 0.03703704
461.261 0.00283951
461.391 0.01135802
461.55 0.00567901
461.657 0.00000000
461.686 0.01209877
461.782 0.00506173
461.852 0.01851852
461.88 0.02469136
461.978 0.04320988
462.026 0.00370370
462.124 0.01851852
462.194 0.00004444
462.221 0.00358025
462.44 0.11111111
462.465 0.01234568
462.649 0.14814815
462.748 0.00003333
462.789 0.06790123
462.815 0.01234568
462.904 0.00567901
462.933 0.08641975
463.004 0.03086420
463.065 0.00320988
463.42 0.01851852
463.517 0.16666667
464.006 0.14814815
464.031 0.00629630
464.073 0.12962963
464.398 0.00000000
464.399 0.06172840
464.405 0.01197531
464.597 0.03086420
464.637 0.00555556
464.639 0.22222222
464.787 0.00246914
464.889 0.04938272
465.293 0.00790123
465.465 0.01024691
465.525 0.00987654
465.655 0.02469136
465.696 0.00567901
465.696 0.00008025
465.708 0.12962963
465.777 0.06172840
466.241 0.00753086
466.613 0.06172840
466.93 0.06172840
466.956 0.01851852
466.971 0.00005062
467.026 0.00530864
467.048 0.37037037
467.366 0.02469136
467.382 0.01234568
467.759 0.00629630
467.928 0.09876543
467.948 0.00555556
467.977 0.02469136
468.089 0.02469136
468.262 0.00456790
468.276 0.01851852
468.368 0.00407407
468.445 0.04938272
468.692 0.09259259
468.803 0.00395062
469.026 0.01234568
469.4 0.00580247
469.751 0.07407407
469.932 0.04938272
470.508 0.08641975
470.558 0.01851852
470.607 0.01234568
470.616 0.08641975
470.656 0.11111111
470.673 0.00160494
470.744 0.03703704
470.82 0.01086420
470.97 0.05555556
471.055 0.14814815
471.313 0.04320988
471.343 0.03086420
471.377 0.00876543
471.411 0.14814815
471.489 0.00001852
471.529 0.03086420
471.542 0.02469136
471.574 0.00345679
471.589 0.05555556
471.6 0.00592593
471.617 0.03086420
471.664 0.02469136
471.769 0.11728395
471.874 0.00555556
471.89 0.03086420
472.039 0.02469136
472.125 0.01851852
472.151 0.08641975
472.287 0.11728395
472.342 0.01098765
472.636 0.01012346
472.803 0.02469136
472.863 0.01851852
472.954 0.08641975
472.983 0.01234568
473.039 0.04938272
473.061 0.00666667
473.125 0.01851852
473.154 0.01148148
473.192 0.06790123
473.582 0.03086420
473.757 0.00001975
473.773 0.02469136
473.82 0.00370370
473.831 0.03086420
473.911 0.06790123
473.958 0.00493827
473.961 0.03703704
474.137 0.01851852
474.262 0.09259259
474.315 0.00308642
474.351 0.00003086
474.61 0.00444444
474.662 0.06790123
474.71 0.01234568
474.851 0.08641975
474.879 0.00481481
474.911 0.03703704
475.098 0.06790123
475.112 0.00395062
475.127 0.02469136
475.157 0.04320988
475.184 0.00753086
475.393 0.12962963
475.638 0.01049383
475.735 0.01851852
475.747 0.05555556
475.875 0.01234568
475.902 0.00432099
475.935 0.01234568
476.275 0.00172840
476.401 0.00456790
476.523 0.00679012
476.55 0.01851852
476.566 0.01074074
476.655 0.00802469
476.662 0.09259259
476.906 0.00000000
477.258 0.02469136
477.307 0.01234568
477.451 0.03086420
477.484 0.01111111
477.509 0.00005062
477.605 0.00518519
477.636 0.07407407
477.651 0.03086420
477.84 0.00030864
477.922 0.00003580
478.031 0.00002593
478.079 0.00000000
478.134 0.00030864
478.447 0.10493827
478.65 0.27777778
479.293 0.03703704
479.358 0.00209877
479.51 0.04320988
479.604 0.00506173
479.691 0.27777778
479.796 0.03703704
479.901 0.01234568
479.931 0.00987654
479.978 0.12962963
480.05 0.00617284
480.154 0.00000000
480.304 0.04320988
480.752 0.31481481
480.865 0.00679012
481.014 0.00001605
481.111 0.03086420
481.298 0.00003457
481.394 0.16666667
481.903 0.01851852
482.281 0.00003333
482.335 0.00014815
482.343 0.01049383
482.745 0.09259259
482.825 0.00000000
482.881 0.00283951
482.899 0.00000000
483.068 0.00790123
483.165 0.14814815
483.242 0.11728395
483.302 0.04320988
483.38 0.01061728
483.908 0.01234568
484.126 0.00000000
484.188 0.00023457
484.249 0.00019753
484.3 0.01851852
484.521 0.00000000
484.661 0.00802469
484.881 0.03703704
484.892 0.01185185
484.927 0.00876543
485.149 0.29629630
485.196 0.01234568
485.505 0.00000000
485.537 0.01012346
485.655 0.00765432
485.706 0.00753086
485.912 0.04938272
486.261 0.09259259
486.473 0.16666667
486.483 0.31481481
487.014 0.01012346
487.054 0.00604938
487.126 0.12345679
487.296 0.01851852
487.478 0.00022222
487.549 0.25925926
487.549 0.00053086
487.722 0.00035802
488.037 0.00679012
488.055 0.12962963
488.109 0.00002593
488.156 0.29629630
488.217 0.02469136
488.316 0.01111111
488.34 0.16666667
488.404 0.04938272
488.53 0.00000000
488.564 0.06172840
488.636 0.00001481
488.681 0.08024691
489.007 0.04320988
489.122 0.04938272
489.152 0.00827160
489.158 0.09876543
489.272 0.03703704
489.508 0.00002963
489.636 0.01851852
489.65 0.00716049
489.786 0.00333333
489.844 0.00827160
489.956 0.00432099
490.001 0.00419753
490.041 0.00003580
490.042 0.01234568
490.063 0.08641975
490.43 0.03703704
490.443 0.03703704
490.496 0.01851852
490.628 0.00001728
490.686 0.00666667
490.869 0.04320988
490.918 0.03086420
491.067 0.00407407
491.308 0.01135802
491.31 0.00888889
491.398 0.00185185
491.625 0.01851852
491.694 0.00000000
491.898 0.00913580
492.043 0.00172840
492.235 0.01234568
492.377 0.00259259
492.388 0.00118519
492.566 0.06172840
492.774 0.00358025
492.782 0.00122222
493.053 0.00000000
493.203 0.04320988
493.36 0.01234568
493.51 0.01086420
494.28 0.01234568
494.442 0.00271605
494.5 0.01234568
494.756 0.05555556
495.299 0.00001222
495.441 0.00000000
495.765 0.01024691
495.813 0.00333333
496.372 0.00419753
496.539 0.07407407
496.574 0.00172840
496.611 0.01012346
496.849 0.00000000
497.035 0.00000000
497.194 0.00000000
497.313 0.00308642
497.68 0.00197531
498.222 0.00001605
498.454 0.00790123
498.565 0.00002346
500.232 0.20370370
500.562 0.02469136
500.639 0.01851852
501.002 0.00358025
501.323 0.00007531
501.462 0.16666667
501.66 0.00019753
501.986 0.08641975
502.019 0.00259259
502.394 0.00592593
502.418 0.00938272
502.829 0.00009383
503.295 0.07407407
503.53 0.00092593
503.546 0.00003951
504.351 0.03086420
504.584 0.00019753
504.684 0.00925926
504.724 0.01851852
504.73 0.00012346
504.891 0.04320988
505.16 0.10493827
505.394 0.01234568
506.024 0.00567901
506.192 0.00197531
506.411 0.06790123
507.064 0.00975309
507.187 0.00160494
507.32 0.00530864
507.49 0.00000000
507.566 0.01234568
507.941 0.00000000
508.0 0.00345679
508.182 0.00003580
508.294 0.00358025
508.684 0.01061728
509.264 0.00002222
510.274 0.00001605
510.515 0.09259259
510.622 0.00469136
511.523 0.00001975
512.68 0.00135802
512.851 0.10493827
512.88 0.00135802
513.052 0.00283951
513.078 0.00001358
513.76 0.00456790
513.841 0.08641975
513.953 0.08641975
514.65 0.00001975
514.841 0.01234568
514.87 0.11728395
515.184 0.00002469
515.346 0.00234568
515.701 0.04320988
515.727 0.00002963
515.932 0.12962963
516.486 0.06172840
516.615 0.00308642
516.678 0.04320988
516.906 0.00543210
516.992 0.09259259
517.19 0.00518519
517.209 0.09259259
517.452 0.04938272
517.595 0.00003086
517.648 0.03703704
517.677 0.29629630
517.852 0.03703704
517.907 0.03086420
517.98 0.00765432
518.072 0.03086420
518.28 0.01851852
518.885 0.00641975
519.068 0.00506173
519.161 0.00001728
519.199 0.04938272
519.298 0.25925926
519.359 0.08024691
519.478 0.14814815
519.487 0.08024691
519.536 0.10493827
519.965 0.00002222
520.033 0.01851852
520.289 0.00000000
520.658 0.04320988
520.766 0.01234568
521.224 0.01209877
521.365 0.04938272
521.591 0.01234568
521.657 0.06172840
522.293 0.00000000
522.364 0.02469136
522.573 0.09876543
522.756 0.00592593
522.768 0.02469136
522.789 0.00000000
523.369 0.04938272
523.381 0.03703704
523.407 0.11111111
523.54 0.00259259
524.016 0.02469136
524.086 0.14814815
524.115 0.00876543
524.422 0.00345679
524.694 0.00296296
524.859 0.02469136
524.923 0.00001728
525.619 0.00851852
525.814 0.01851852
526.034 0.06790123
526.094 0.10493827
526.216 0.00003457
526.397 0.02469136
526.432 0.03703704
526.612 0.16666667
526.704 0.00002099
526.761 0.01851852
526.946 0.01851852
527.039 0.04320988
527.103 0.16666667
527.266 0.20370370
527.363 0.04320988
527.556 0.00090123
527.566 0.22222222
527.998 0.00008148
528.042 0.09876543
528.138 0.00641975
528.189 0.06172840
528.248 0.06790123
528.764 0.03703704
528.828 0.00002346
529.029 0.01185185
529.083 0.03703704
529.171 0.00543210
529.276 0.00530864
529.404 0.06790123
529.412 0.00000000
530.059 0.00333333
530.108 0.00419753
530.215 0.02469136
530.324 0.06790123
531.067 0.00493827
531.077 0.00001605
531.343 0.00004444
531.446 0.05555556
531.522 0.01851852
531.53 0.00543210
531.687 0.02469136
531.904 0.02469136
532.005 0.00543210
532.279 0.01851852
532.88 0.06790123
532.928 0.03703704
532.945 0.01234568
532.997 0.00395062
533.042 0.08024691
533.108 0.00432099
533.261 0.02469136
533.431 0.05555556
533.556 0.09259259
533.861 0.04938272
534.12 0.00020988
534.973 0.00002963
535.034 0.01851852
535.232 0.00006914
535.309 0.00002963
535.341 0.25925926
535.607 0.00001358
535.734 0.00003827
536.026 0.04320988
536.169 0.01851852
536.355 0.02469136
536.675 0.00000000
537.263 0.00296296
537.367 0.00283951
537.715 0.00001481
538.341 0.08024691
538.486 0.00592593
538.513 0.08641975
538.721 0.00000000
538.829 0.01851852
539.28 0.00113580
539.326 0.18518519
539.383 0.00000000
539.784 0.01234568
539.891 0.00197531
539.983 0.00209877
540.192 0.22222222
540.449 0.00222222
541.086 0.00000000
541.525 0.20370370
541.808 0.03703704
542.164 0.00617284
542.393 0.00197531
542.406 0.04938272
542.428 0.01234568
542.947 0.00617284
543.024 0.00148148
543.207 0.00000000
543.382 0.00109877
543.587 0.00116049
543.766 0.01234568
543.927 0.01234568
544.27 0.00000000
544.322 0.03703704
544.586 0.03703704
545.068 0.04938272
545.479 0.02469136
545.709 0.00864198
545.812 0.07407407
546.779 0.11728395
547.36 0.03703704
547.447 0.01234568
548.062 0.00030864
548.117 0.00016049
548.188 0.00962963
548.245 0.01851852
548.698 0.01851852
548.723 0.12962963
548.791 0.16666667
548.995 0.12962963
549.156 0.00765432
549.433 0.00003704
549.565 0.00469136
549.601 0.01851852
549.621 0.00580247
549.667 0.00000000
549.683 0.00827160
550.082 0.00222222
550.083 0.00456790
550.212 0.00003210
550.486 0.06790123
550.586 0.04320988
550.663 0.00506173
550.697 0.00444444
550.776 0.27777778
550.861 0.02469136
550.919 0.00003457
551.118 0.12962963
551.48 0.00617284
551.506 0.16666667
551.533 0.03086420
551.681 0.00506173
551.72 0.11111111
552.063 0.00000000
552.142 0.00006790
552.23 0.00716049
552.435 0.00740741
552.668 0.00009630
552.762 0.04938272
552.952 0.00008025
553.011 0.00038272
553.378 0.00938272
553.382 0.16666667
553.534 0.01851852
554.272 0.03703704
554.489 0.03086420
554.593 0.06790123
554.675 0.00008025
554.706 0.22222222
554.776 0.00567901
554.814 0.05555556
555.129 0.00004815
555.635 0.00728395
555.745 0.07407407
555.875 0.12962963
556.032 0.00003951
556.054 0.02469136
556.166 0.12345679
556.201 0.00753086
556.5 0.00009383
556.593 0.06172840
556.929 0.01234568
556.965 0.00024691
557.117 0.00013580
557.401 0.05555556
557.411 0.00006296
557.576 0.00041975
557.651 0.11111111
557.84 0.06172840
558.106 0.00876543
558.26 0.00666667
558.262 0.01234568
558.288 0.00001123
558.43 0.00666667
558.45 0.12345679
558.474 0.03703704
558.504 0.00691358
558.517 0.00059259
558.599 0.05555556
558.608 0.01234568
558.685 0.00006543
558.688 0.00716049
558.849 0.04320988
558.97 0.00740741
559.066 0.00014815
559.242 0.37037037
559.296 0.08024691
559.743 0.00003333
559.782 0.05555556
560.069 0.00580247
560.13 0.00555556
560.138 0.14814815
560.383 0.00006420
560.42 0.07407407
560.463 0.03086420
560.494 0.27777778
560.541 0.00703704
560.564 0.01197531
560.64 0.00020988
560.846 0.00034568
560.868 0.00041975
560.871 0.00000000
560.909 0.00008272
561.02 0.01851852
561.067 0.00271605
561.286 0.00003210
561.666 0.01012346
561.87 0.00001728
561.951 0.00123457
561.966 0.00003210
562.045 0.00160494
562.208 0.00876543
562.42 0.01851852
562.461 0.06172840
562.487 0.02469136
562.492 0.00007037
562.602 0.08641975
562.763 0.09876543
562.931 0.00002346
562.951 0.00000000
563.246 0.00753086
563.268 0.00005432
563.39 0.00345679
563.452 0.00002593
563.55 0.01851852
563.598 0.00000000
563.687 0.00000000
563.732 0.00014815
563.837 0.00000000
564.019 0.00059259
564.143 0.00102469
564.2 0.00975309
564.336 0.00555556
564.392 0.00000000
564.431 0.00003210
564.511 0.00000000
564.611 0.14814815
564.964 0.00104938
564.976 0.00001111
564.989 0.00007407
565.009 0.00011111
565.065 0.00071605
565.115 0.00000000
565.15 0.00901235
565.201 0.00246914
565.203 0.00604938
565.554 0.00059259
565.626 0.00058025
565.629 0.01135802
565.688 0.00716049
565.744 0.12962963
565.746 0.00085185
565.84 0.00123457
565.952 0.00007531
566.187 0.00002222
566.21 0.00075309
566.268 0.00072840
566.3 0.00002099
566.363 0.00003951
566.806 0.00000000
566.836 0.06172840
567.016 0.00000000
567.085 0.14814815
567.179 0.00003951
568.167 0.00013580
568.197 0.00382716
568.225 0.00005926
568.321 0.22222222
568.366 0.01851852
568.376 0.00032099
568.472 0.00006790
568.494 0.00002099
568.522 0.00001235
568.553 0.00008395
568.776 0.14814815
568.86 0.00044444
568.993 0.00432099
569.113 0.00888889
569.72 0.00007284
569.852 0.48148148
569.964 0.00006049
570.108 0.00000000
570.29 0.00003827
570.358 0.31481481
570.698 0.33333333
570.779 0.00370370
570.895 0.05555556
571.01 0.00000000
571.218 0.00005309
571.271 0.00008025
571.357 0.00148148
571.358 0.00506173
571.552 0.00005062
571.624 0.08024691
571.866 0.00007284
571.991 0.00001222
572.058 0.00530864
572.267 0.00005309
572.344 0.00005432
572.432 0.00002222
572.501 0.00005679
572.531 0.00481481
572.531 0.00011235
572.564 0.05555556
572.657 0.00059259
572.704 0.22222222
572.766 0.11111111
572.989 0.00010741
573.111 0.00090123
573.125 0.38888889
573.31 0.01851852
573.333 0.00901235
573.362 0.00020988
573.401 0.06172840
573.541 0.00008889
573.706 0.18518519
573.974 0.00000000
574.148 0.00016049
574.325 0.00080247
574.344 0.12962963
574.477 0.00085185
574.554 0.00006543
574.595 0.00006543
574.717 0.00185185
574.77 0.01851852
574.841 0.01074074
574.873 0.00691358
574.889 0.04320988
574.921 0.00013580
574.97 0.00045679
575.025 0.00018519
575.064 0.11111111
575.274 0.01851852
575.374 0.00016049
575.427 0.00011481
575.497 0.00017284
575.516 0.00395062
575.685 0.00172840
575.833 0.00117284
575.893 0.00046914
575.913 0.00112346
575.975 0.00022222
576.141 0.04320988
576.177 0.00109877
576.322 0.00104938
576.472 0.00001222
576.655 0.00023457
576.876 0.00008519
576.909 0.00009136
577.002 0.12345679
577.052 0.02469136
577.118 0.00002222
577.241 0.06790123
577.373 0.00019753
577.476 0.00135802
577.645 0.00580247
577.669 0.06790123
577.814 0.00005679
578.26 0.03703704
578.284 0.01851852
578.312 0.00030864
578.349 0.03703704
578.438 0.06172840
578.614 0.09259259
578.858 0.03086420
578.991 0.00003951
579.036 0.00003951
579.053 0.01024691
579.148 0.00006914
579.283 0.00111111
579.352 0.00001605
579.447 0.00014815
579.73 0.00209877
579.799 0.00395062
579.865 0.00000000
579.891 0.00197531
579.984 0.04320988
580.103 0.00100000
580.19 0.00002593
580.415 0.00000000
580.71 0.08024691
580.796 0.00003333
581.457 0.00013580
581.478 0.00530864
581.648 0.00022222
581.708 0.06172840
581.749 0.12345679
581.933 0.00002099
581.993 0.03703704
582.074 0.00000000
582.302 0.00345679
582.451 0.00027160
582.659 0.01234568
582.922 0.00010617
583.067 0.12345679
583.535 0.00011235
583.594 0.00123457
583.719 0.00022222
583.902 0.00543210
583.936 0.00580247
584.246 0.00003086
584.527 0.00135802
584.533 0.00009136
584.625 0.12962963
585.03 0.05555556
585.14 0.00001160
585.375 0.01111111
585.426 0.00001012
585.549 0.00011235
585.617 0.00160494
585.661 0.00008765
585.682 0.00008889
585.791 0.00345679
586.026 0.00005062
586.278 0.00003457
586.316 0.00014815
586.939 0.00308642
587.034 0.00032099
587.305 0.00395062
587.9 0.00567901
587.936 0.02469136
588.1 0.00592593
589.487 0.00005185
589.753 0.40740741
589.846 0.00006790
590.099 0.00081481
590.218 0.00025926
590.542 0.00044444
591.427 0.00002593
591.46 0.00013580
591.634 0.03703704
592.171 0.00003704
592.457 0.25925926
592.779 0.00000000
592.886 0.04938272
594.012 0.00000000
594.525 0.00271605
595.143 0.01851852
595.527 0.00000000
595.902 0.00444444
595.929 0.00444444
596.36 0.00444444
596.548 0.07407407
596.778 0.02469136
597.445 0.00000000
597.534 0.05555556
597.747 0.00283951
597.891 0.25925926
598.078 0.12962963
598.293 0.00246914
598.343 0.00001728
598.46 0.04938272
598.728 0.00296296
599.006 0.00012346
599.468 0.00012099
600.23 0.08024691
600.262 0.16666667
600.865 0.00051852
601.612 0.05555556
601.79 0.02469136
602.074 0.00000000
602.175 0.04938272
602.417 0.04320988
602.54 0.05555556
602.681 0.02469136
602.72 0.03703704
602.826 0.10493827
602.896 0.04320988
603.105 0.12345679
603.973 0.40740741
604.184 0.00000000
604.864 0.00012346
605.062 0.00001605
605.448 0.01851852
605.814 0.20370370
606.339 0.03703704
606.662 0.00000000
606.725 0.05555556
607.738 0.61111111
608.01 0.00950617
608.144 0.20370370
608.28 0.00122222
608.381 0.00001358
608.692 0.00006914
608.749 0.03703704
608.913 0.00000000
608.947 0.00765432
609.021 0.42592593
609.052 0.00081481
609.388 0.03086420
609.594 0.00009877
609.746 0.09876543
610.465 0.06172840
610.697 0.33333333
611.021 0.06790123
611.165 0.44444444
611.302 0.02469136
611.953 0.64814815
612.096 0.00012346
612.653 0.02469136
612.833 0.05555556
612.859 0.04938272
613.243 0.00003333
613.468 0.00012222
613.507 0.04938272
613.536 0.77777778
613.591 0.00000000
615.015 1.00000000
615.149 0.11111111
615.237 0.03703704
615.776 0.00530864
616.682 0.02469136
617.036 0.72222222
617.558 0.06790123
617.744 0.01851852
617.875 0.01234568
617.891 0.01234568
618.186 0.03703704
618.891 0.00000000
618.935 0.07407407
619.05 0.03086420
619.919 0.74074074
620.064 0.00123457
620.29 0.00814815
620.729 0.16666667
621.387 0.46296296
621.475 0.07407407
621.498 0.00938272
621.636 0.55555556
621.83 0.14814815
621.985 0.02469136
622.122 0.03086420
622.45 0.46296296
622.576 0.00913580
622.629 0.07407407
622.86 0.00000000
623.045 0.11111111
623.08 0.61111111
623.302 0.05555556
623.32 0.25925926
623.552 0.00003333
623.626 0.06790123
623.825 0.03086420
624.014 0.14814815
624.282 0.14814815
624.311 0.24074074
624.356 0.06790123
624.522 0.03703704
624.754 0.01234568
625.077 0.01148148
625.182 0.44444444
625.368 0.00617284
625.69 0.18518519
625.857 0.20370370
626.107 0.00580247
626.123 0.11728395
626.46 0.00580247
626.632 0.14814815
626.818 0.00604938
626.827 0.01024691
627.156 0.01851852
627.369 0.03086420
627.465 0.29629630
628.098 0.01135802
628.232 0.08641975
628.516 0.27777778
628.69 0.01111111
628.746 0.00629630
628.8 0.00543210
629.189 0.00962963
629.222 0.00777778
629.282 0.27777778
629.449 0.00679012
629.51 0.01086420
629.523 0.01074074
629.588 0.00666667
629.649 0.18518519
629.847 0.00876543
629.85 0.00001728
630.13 0.01851852
630.21 0.00938272
630.429 0.05555556
630.65 0.00234568
630.782 0.01234568
630.97 0.06790123
631.07 0.06172840
631.148 0.14814815
631.6 0.00014815
631.727 0.03086420
632.118 0.07407407
632.375 0.02469136
632.464 0.10493827
632.684 0.16666667
633.363 0.00543210
633.508 0.00246914
633.908 0.08641975
634.014 0.00802469
634.396 0.00913580
634.947 0.09876543
635.431 0.00320988
635.557 0.02469136
635.729 0.07407407
635.785 0.00740741
635.882 0.03703704
636.125 0.03703704
636.216 0.00604938
636.923 0.12962963
637.106 0.00013580
637.219 0.11111111
637.45 0.12962963
637.912 0.01049383
637.935 0.07407407
638.009 0.14814815
638.197 0.00703704
638.438 0.00950617
638.563 0.00962963
639.327 0.01851852
639.479 0.00407407
639.804 0.00481481
640.598 0.00604938
640.7 0.00358025
641.127 0.00604938
641.346 0.00002099
641.389 0.00802469
641.399 0.00001136
641.704 0.01074074
641.873 0.00814815
642.023 0.01851852
642.322 0.01851852
642.494 0.03086420
642.848 0.03086420
643.048 0.25925926
643.163 0.12962963
643.317 0.09876543
643.515 0.06172840
643.686 0.00003580
643.809 0.00308642
643.844 0.02469136
644.513 0.01851852
644.571 0.00028395
644.784 0.03086420
645.096 0.01037037
645.234 0.37037037
646.273 0.00000000
646.404 0.00913580
646.699 0.01851852
646.97 0.03086420
647.181 0.03703704
647.324 0.03703704
647.714 0.04938272
647.83 0.00001852
647.89 0.00006914
647.919 0.00058025
648.052 0.11111111
648.745 0.00032099
648.806 0.18518519
649.068 0.06790123
649.138 0.03703704
649.22 0.00029630
649.948 0.00001235
650.417 0.10493827
650.632 0.00370370
650.875 0.01234568
651.008 0.00043210
651.193 0.00006543
651.652 0.00666667
651.672 0.00172840
651.694 0.00004198
651.726 0.06790123
652.017 0.00007901
652.358 0.00035802
652.45 0.00765432
652.486 0.00027160
652.558 0.00032099
652.668 0.00005802
652.934 0.00001160
653.142 0.09876543
653.47 0.00006049
653.892 0.00004815
654.143 0.00000000
654.35 0.01851852
654.371 0.00004198
654.577 0.00003086
654.673 0.00246914
654.763 0.00003086
654.853 0.00003086
654.937 0.00008272
655.002 0.00407407
655.387 0.00029630
655.617 0.00259259
655.802 0.00802469
656.009 0.00283951
656.073 0.00000000
656.193 0.00040741
656.24 0.00041975
656.436 0.00119753
656.588 0.01148148
656.876 0.00308642
656.942 0.00444444
656.989 0.00006420
657.897 0.00765432
658.122 0.00008395
658.552 0.00000000
658.958 0.00567901
658.974 0.00011235
659.025 0.00005679
659.352 0.00000000
659.72 0.00001605
660.597 0.01234568
660.616 0.00444444
660.645 0.00160494
660.783 0.01234568
661.211 0.00135802
661.371 0.00370370
661.531 0.00006790
661.916 0.00345679
662.305 0.00000000
662.354 0.00666667
662.484 0.03703704
662.517 0.00296296
662.616 0.00014815
662.807 0.00001481
662.88 0.00000000
663.008 0.00016049
663.018 0.00358025
663.328 0.01851852
663.516 0.00000000
663.694 0.00120988
664.226 0.00135802
664.379 0.03086420
664.553 0.00001025
664.618 0.00034568
664.732 0.00135802
665.054 0.00022222
665.262 0.00025926
665.636 0.01851852
665.675 0.00008025
665.764 0.01234568
665.821 0.00002099
666.022 0.00009259
666.074 0.00197531
666.239 0.03703704
666.519 0.00001728
666.57 0.00002840
667.285 0.04938272
667.782 0.03703704
667.979 0.01851852
668.839 0.03086420
669.097 0.03086420
669.114 0.03086420
669.28 0.00080247
669.369 0.07407407
670.253 0.00123457
670.508 0.14814815
670.807 0.31481481
671.11 0.00025926
671.518 0.00604938
671.876 0.00160494
672.984 0.00001852
673.204 0.01851852
674.126 0.00002840
674.286 0.00002099
674.396 0.00095062
674.42 0.00753086
674.675 0.00001037
674.81 0.00234568
674.849 0.00005556
674.943 0.00345679
675.301 0.11728395
675.492 0.00002963
675.562 0.00000000
675.956 0.00008395
676.012 0.00567901
676.387 0.00283951
676.586 0.00000000
676.651 0.08641975
676.743 0.00271605
677.242 0.00000000
677.3 0.00001358
677.484 0.00000000
677.731 0.00234568
678.3 0.00009630
678.5 0.03703704
678.634 0.00691358
678.876 0.00004198
679.081 0.00001975
679.535 0.00234568
679.607 0.00000000
679.96 0.00001728
680.114 0.00000000
680.484 0.00010000
680.807 0.00617284
681.127 0.00543210
681.24 0.11111111
681.913 0.01851852
682.531 0.00001852
682.604 0.00000000
682.994 0.02469136
683.244 0.06172840
683.529 0.00592593
683.958 0.01098765
684.188 0.02469136
684.765 0.00003704
686.292 0.00000000
687.087 0.02469136
687.152 0.00765432
687.153 0.01234568
688.394 0.00395062
688.764 0.00901235
688.99 0.00913580
689.131 0.00002716
689.405 0.01851852
689.572 0.00567901
690.759 0.00006296
691.03 0.00009136
691.606 0.01012346
691.947 0.00802469
691.999 0.00005802
693.702 0.00691358
694.095 0.00876543
694.619 0.00000000
695.346 0.00567901
697.316 0.00259259
697.452 0.00901235
697.542 0.00444444
697.543 0.00002840
697.918 0.00004321
698.715 0.00002346
699.07 0.00444444
699.24 0.00197531