380.205 0.00110000
380.424 0.00230000
380.89 0.00077000
380.922 0.93000000
381.748 0.66000000
381.796 0.00440000
381.834 0.00140000
381.904 0.00130000
381.94 0.00130000
382.667 0.00037000
382.769 0.00037000
382.881 0.00037000
382.913 0.43500000
383.271 0.00071000
383.461 0.00110000
383.506 0.70500000
383.531 0.00071000
383.552 0.00071000
383.987 0.00070000
384.131 0.00035000
384.197 0.00070000
384.578 0.00035000
384.622 0.69000000
384.702 0.00140000
384.724 0.16500000
384.75 0.61500000
385.156 0.19500000
385.378 0.19500000
385.452 0.00066000
385.885 0.19500000
386.267 0.00031000
386.434 0.36000000
386.685 0.00090000
386.716 0.00090000
386.754 0.00120000
386.767 0.00150000
386.799 1.00000000
386.846 0.09000000
386.886 0.00059000
386.993 0.00059000
387.169 0.00120000
387.742 0.00083000
387.752 0.00083000
387.784 0.00055000
388.057 0.00054000
388.095 0.00054000
388.141 0.54000000
388.188 0.00054000
388.217 0.00054000
388.227 0.00054000
388.253 0.00080000
388.512 0.00052000
389.125 0.22500000
391.416 0.08000000
391.547 0.13500000
391.903 0.00075000
392.065 0.00018000
392.261 0.00018000
392.835 0.00033000
392.966 0.00048000
393.535 0.00074000
393.606 0.00059000
393.773 0.00014000
393.878 0.00043000
393.943 0.13500000
393.968 0.00014000
394.234 0.10500000
394.531 0.00026000
394.964 0.00024000
395.038 0.00012000
395.106 0.01000000
395.188 0.09500000
395.225 0.06000000
396.499 0.09000000
396.548 0.05000000
396.59 0.00009800
396.9 0.00009400
397.329 0.03500000
397.484 0.00008700
397.956 0.00008200
398.158 0.00016000
398.245 0.00008000
398.412 0.06500000
398.567 0.04500000
398.579 0.00031000
398.753 0.04000000
398.785 0.00023000
399.061 0.00007700
399.123 0.07000000
399.276 0.05500000
399.391 0.05500000
399.734 0.00047000
399.816 0.05500000
400.278 0.04000000
400.296 0.00008800
400.54 0.08500000
400.569 0.00013000
400.875 0.18000000
400.945 0.00022000
401.038 0.08000000
401.249 0.00009900
401.299 0.00009900
401.344 0.00009800
401.611 0.06000000
401.89 0.00010000
401.912 0.00020000
401.923 0.18000000
402.212 0.12000000
402.283 0.04000000
402.299 0.00011000
402.349 0.00021000
402.992 0.08000000
403.238 0.08500000
403.262 0.00037000
403.49 0.00013000
404.353 0.00025000
404.559 0.19500000
404.67 0.15000000
406.532 0.10500000
406.995 0.01000000
407.061 0.22500000
407.089 0.00015000
407.436 0.39000000
407.612 0.00030000
408.017 0.00018000
408.129 0.49500000
408.504 0.00051000
408.653 0.00077000
408.833 0.30000000
408.938 0.15000000
409.03 0.09500000
409.104 0.12000000
409.121 0.09000000
409.313 0.10500000
409.475 0.00056000
409.676 0.00016000
410.185 0.06000000
410.27 0.25500000
410.294 0.00030000
410.782 0.12000000
411.182 0.16500000
411.898 0.07500000
412.036 0.04500000
413.247 0.18000000
413.746 0.31500000
414.269 0.08000000
414.586 0.21000000
414.907 0.04000000
415.41 0.00037000
415.466 0.37500000
415.528 0.00063000
415.553 0.00067000
415.606 0.00120000
415.961 0.21000000
416.685 0.00088000
417.082 0.00015000
417.117 0.39000000
417.142 0.00033000
417.782 0.30000000
417.805 0.00060000
418.915 0.31500000
419.236 0.00067000
419.258 0.00068000
419.554 0.00069000
419.704 0.00069000
419.798 0.00068000
420.162 0.00063000
420.316 0.00060000
420.396 0.00120000
420.472 0.00120000
420.555 0.70500000
420.889 0.00170000
420.95 0.00120000
420.978 0.16500000
421.289 0.45000000
421.937 0.51000000
422.526 0.00130000
422.563 0.00130000
422.979 0.00036000
424.436 0.24000000
425.081 0.00160000
425.324 0.00039000
425.935 0.25500000
426.013 0.00019000
426.029 0.10500000
426.33 0.37500000
426.498 0.05500000
427.123 0.00097000
427.336 0.00100000
427.385 0.00110000
427.414 0.00022000
427.455 0.45000000
427.731 0.00110000
428.076 0.00140000
428.204 0.00065000
428.38 0.30000000
428.436 0.00085000
429.215 0.03000000
429.328 0.00012000
429.354 0.00017000
429.461 0.22500000
430.211 0.21000000
430.29 0.00015000
430.532 0.00018000
430.687 0.18000000
431.129 0.00043000
431.549 0.00055000
431.657 0.00039000
431.765 0.00042000
431.876 0.00090000
431.986 0.00097000
432.098 0.00077000
432.212 0.00054000
432.328 0.00110000
432.878 0.00037000
433.162 0.16500000
433.376 0.00084000
433.633 0.00180000
433.763 0.00140000
434.027 0.00091000
434.112 0.18000000
434.161 0.00140000
434.278 0.27000000
434.463 0.22500000
435.11 0.00086000
435.31 0.33000000
436.181 0.55500000
436.223 0.00081000
436.478 0.57000000
437.252 0.46500000
437.306 0.00056000
437.848 0.37500000
439.112 0.00340000
439.87 0.00067000
440.085 0.22500000
440.132 0.00080000
440.395 0.57000000
440.688 0.00049000
440.828 0.60000000
440.995 0.15000000
441.219 0.55500000
443.196 0.00130000
443.363 0.10500000
443.69 0.85500000
444.444 0.43500000
446.674 0.69000000
446.971 0.15000000
447.782 0.15000000
449.623 0.40500000
449.909 0.00380000
450.259 0.30000000
450.848 0.03000000
450.975 0.00360000
451.13 0.00460000
451.662 0.00380000
451.995 0.01000000
452.22 0.01000000
454.349 0.51000000
454.455 0.18000000
455.53 0.05500000
456.047 0.03000000
456.757 0.07000000
457.064 0.22500000
457.535 0.01000000
457.566 0.02000000
458.562 0.02000000
458.873 0.30000000
459.291 0.00770000
459.994 0.39000000
461.33 0.40500000
462.227 0.02000000
462.576 0.02500000
462.673 0.03500000
463.71 0.05500000
464.572 0.01500000
465.672 0.04500000
465.742 0.31500000
465.987 0.33000000
466.575 0.06000000
467.163 0.04500000
467.255 0.01000000
467.509 0.02500000
467.693 0.00940000
467.737 0.02000000
467.848 0.00490000
468.051 0.42000000
468.256 0.03000000
468.6 0.00480000
469.372 0.13500000
470.042 0.13500000
470.217 0.01500000
470.564 0.00580000
470.958 0.01500000
470.975 0.01500000
471.335 0.01500000
471.385 0.03000000
474.678 0.02500000
475.754 0.25500000
475.778 0.03000000
476.071 0.02000000
477.072 0.05000000
477.702 0.04000000
478.721 0.05500000
479.281 0.03000000
483.748 0.08000000
484.381 0.33000000
486.184 0.04000000
486.655 0.04500000
486.802 0.21000000
487.406 0.03500000
487.969 0.07000000
488.212 0.01500000
488.274 0.02000000
488.352 0.02000000
488.619 0.00980000
488.69 0.27000000
489.652 0.01500000
489.681 0.02000000
489.772 0.00890000
490.549 0.13500000
491.311 0.05000000
491.981 0.02500000
492.08 0.01500000
492.293 0.19500000
493.278 0.13500000
493.382 0.13500000
493.674 0.05000000
493.678 0.10500000
493.773 0.02500000
494.321 0.06000000
494.719 0.09000000
495.661 0.06000000
496.043 0.03000000
497.402 0.03000000
497.526 0.04000000
497.725 0.16500000
498.147 0.02000000
498.259 0.40500000
498.353 0.19500000
498.805 0.04000000
499.082 0.01500000
499.408 0.24000000
500.107 0.10500000
500.615 0.34500000
500.987 0.06000000
501.037 0.06000000
501.145 0.03500000
501.53 0.36000000
501.85 0.06500000
502.95 0.02000000
503.903 0.16500000
504.141 0.03500000
504.177 0.07500000
505.328 0.63000000
505.46 0.25500000
505.65 0.01500000
505.684 0.01500000
505.934 0.01500000
506.208 0.01500000
506.314 0.04500000
506.481 0.05000000
506.657 0.02500000
506.719 0.01500000
506.912 0.43500000
507.174 0.34500000
508.2 0.02500000
510.548 0.08000000
510.825 0.01000000
512.532 0.00340000
513.011 0.10500000
513.132 0.03000000
513.179 0.01500000
513.211 0.00680000
514.125 0.08000000
514.977 0.01000000
515.129 0.01000000
515.672 0.01500000
515.956 0.01500000
516.032 0.02000000
516.106 0.02000000
516.348 0.02500000
517.065 0.01500000
517.364 0.03000000
518.004 0.02000000
518.23 0.02000000
519.563 0.61500000
521.281 0.19500000
522.466 0.45000000
523.025 0.01000000
524.256 0.16500000
524.4 0.02000000
525.454 0.10500000
525.934 0.15000000
526.282 0.02500000
527.84 0.01500000
527.859 0.07500000
527.981 0.03000000
528.121 0.03000000
528.408 0.03000000
528.552 0.03000000
528.712 0.01500000
529.303 0.02000000
529.445 0.02500000
530.804 0.02000000
531.438 0.04000000
531.604 0.02500000
531.886 0.16500000
532.577 0.03000000
532.677 0.00520000
533.257 0.01500000
533.623 0.01000000
533.735 0.08500000
534.3 0.02000000
534.484 0.01500000
534.806 0.01500000
534.893 0.15000000
535.043 0.09000000
535.189 0.10500000
535.445 0.05000000
536.372 0.00640000
536.508 0.00610000
536.712 0.00560000
537.197 0.00520000
537.283 0.05000000
537.442 0.05000000
537.612 0.00730000
539.107 0.07500000
539.254 0.01500000
539.651 0.04500000
539.939 0.00510000
540.814 0.00470000
542.463 0.01500000
542.491 0.00910000
542.599 0.00580000
543.094 0.00520000
543.388 0.00520000
543.503 0.08000000
543.764 0.01000000
544.111 0.01500000
544.89 0.03000000
545.249 0.00840000
545.935 0.02000000
546.052 0.02000000
546.293 0.00570000
546.445 0.02000000
546.86 0.00340000
547.511 0.04500000
547.778 0.07000000
548.062 0.02500000
548.287 0.00270000
548.449 0.00470000
548.601 0.04000000
548.777 0.02500000
548.847 0.00860000
549.231 0.08500000
551.468 0.24000000
551.506 0.02500000
551.52 0.02000000
552.809 0.02500000
553.303 0.09500000
553.729 0.09500000
557.043 0.04500000
557.826 0.03000000
557.993 0.06500000
562.967 0.02500000
563.127 0.03500000
563.194 0.03500000
564.203 0.06000000
565.788 0.01500000
567.89 0.07000000
569.373 0.05000000
570.759 0.02500000
571.538 0.03000000
572.305 0.04500000
573.509 0.04000000
574.22 0.00069000
574.924 0.02000000
575.385 0.02000000
575.457 0.00860000
575.61 0.03000000
575.965 0.04500000
579.133 0.01000000
579.265 0.01000000
579.306 0.03500000
579.951 0.01500000
580.485 0.03500000
583.226 0.02500000
584.527 0.08000000
587.164 0.03500000
587.969 0.01500000
588.317 0.01500000
588.348 0.01500000
588.865 0.01000000
590.2 0.02500000
590.676 0.01500000
591.966 0.02500000
592.187 0.01000000
593.708 0.02000000
594.089 0.03500000
594.757 0.06500000
594.944 0.01000000
597.251 0.15000000
597.34 0.00430000
597.886 0.04500000
599.321 0.00870000
599.62 0.00940000
600.102 0.00980000
600.968 0.03000000
601.564 0.01500000
602.832 0.05000000
603.064 0.00840000
603.542 0.02000000
603.731 0.01500000
604.331 0.07500000
614.104 0.01500000
614.723 0.03000000
617.99 0.01000000
619.596 0.06500000
623.769 0.01500000
623.927 0.01000000
625.428 0.15000000
625.888 0.03500000
628.875 0.00860000
629.202 0.12000000
630.85 0.06500000
631.924 0.06500000
633.51 0.04500000
634.45 0.03000000
635.798 0.03000000
635.914 0.04500000
636.235 0.01000000
636.379 0.01000000
640.207 0.00750000
640.421 0.06000000
643.885 0.03000000
644.308 0.01000000
644.395 0.02500000
645.012 0.02500000
645.076 0.01500000
645.124 0.02500000
647.125 0.00810000
648.409 0.21000000
650.626 0.05000000
650.805 0.18000000
651.465 0.03000000
652.301 0.10500000
652.373 0.02000000
652.666 0.02000000
654.489 0.02500000
655.425 0.16500000
656.226 0.00840000
657.977 0.01000000
659.998 0.01500000
660.905 0.12000000
661.619 0.01500000
662.6 0.05500000
663.454 0.04000000
663.602 0.12000000
663.668 0.19500000
663.956 0.02000000
664.527 0.02500000
665.191 0.02500000
665.237 0.02500000
665.936 0.02000000
666.318 0.01500000
666.361 0.01500000
666.416 0.21000000
666.675 0.02500000
667.412 0.00810000
667.979 0.00720000
669.308 0.04500000
670.568 0.03500000
670.86 0.01500000
671.057 0.02000000
671.328 0.10500000
671.396 0.03000000
674.436 0.04500000
674.547 0.34500000
675.019 0.05000000
675.575 0.18000000
675.638 0.09000000
676.604 0.03000000
678.278 0.05000000
678.769 0.03000000
679.556 0.07000000
679.634 0.22500000
679.93 0.45000000
681.258 0.03000000
681.624 0.33000000
681.77 0.03000000
681.989 0.10500000
684.488 0.36000000
686.116 0.03000000
687.113 0.03500000
687.516 0.12000000
687.673 0.09000000
688.781 0.39000000
689.32 0.05500000
690.38 0.03000000
690.488 0.04000000
690.673 0.03500000
690.829 0.24000000
691.719 0.18000000
692.665 0.06500000
693.423 0.27000000
694.308 0.43500000
695.255 0.09500000
695.877 0.15000000
696.412 0.03000000
696.496 0.06000000
697.489 0.10500000
697.784 0.07500000
697.847 0.12000000
698.427 0.22500000
698.58 0.06000000
699.184 0.05000000