380.139 0.01785714
380.171 0.00345238
380.19 0.00154762
380.298 0.00166667
380.326 0.00511905
380.568 0.00041667
380.729 0.00392857
380.984 0.01785714
381.067 0.00115476
381.105 0.01000000
381.174 0.00114286
381.516 0.00039286
381.678 0.00273810
381.738 0.00238095
381.949 0.00079762
382.315 0.00119048
382.335 0.00080952
382.374 0.00500000
382.627 0.00100000
382.686 0.00750000
382.798 0.00488095
382.889 0.00190476
382.971 0.00250000
382.977 0.00250000
383.56 0.00061905
383.771 0.00297619
384.153 0.00583333
384.187 0.00523810
384.28 0.00028571
384.74 0.00214286
384.858 0.00142857
384.987 0.01190476
385.428 0.00357143
385.853 0.00464286
386.019 0.00050000
386.104 0.00476190
386.11 0.00046429
386.151 0.00178571
386.963 0.00452381
387.72 0.00048810
387.782 0.00488095
387.917 0.00214286
388.046 0.00440476
388.367 0.00023810
388.499 0.00309524
388.5 0.00428571
388.545 0.00130952
388.672 0.00261905
389.098 0.00047619
389.505 0.00440476
390.367 0.00178571
390.534 0.00022619
390.585 0.00202381
390.593 0.00297619
390.791 0.01785714
391.531 0.00190476
391.66 0.00023810
391.857 0.00261905
392.078 0.00023810
392.255 0.00583333
392.68 0.00023810
392.842 0.00036905
393.281 0.00047619
393.322 0.00023810
393.766 0.00047619
393.804 0.00070238
393.892 0.00357143
394.15 0.00075000
394.221 0.00071429
394.229 0.00071429
394.357 0.00357143
394.816 0.02380952
394.872 0.00357143
395.012 0.00089286
395.059 0.00702381
395.092 0.04166667
395.161 0.00104762
395.473 0.00511905
395.685 0.00202381
395.835 0.00380952
396.215 0.00033333
396.545 0.00226190
396.725 0.00166667
396.754 0.06547619
396.991 0.00214286
397.258 0.00821429
397.301 0.00202381
397.442 0.01190476
397.559 0.00097619
397.898 0.00051190
397.921 0.00309524
398.041 0.00051190
398.121 0.00025000
398.52 0.00952381
398.596 0.00285714
399.033 0.00928571
399.254 0.00060714
399.285 0.00428571
399.442 0.00261905
399.605 0.00061905
399.855 0.00075000
400.055 0.00090476
400.118 0.00214286
400.235 0.01190476
400.309 0.00016667
400.455 0.00166667
400.846 0.00016667
401.409 0.00166667
401.656 0.00033333
401.786 0.00032143
402.16 0.00113095
402.519 0.00428571
402.62 0.00085714
402.682 0.00034524
402.797 0.00057143
402.856 0.00250000
402.982 0.00016667
403.046 0.00016667
403.291 0.00065476
403.485 0.00097619
403.587 0.00016667
403.729 0.01190476
403.759 0.02976190
403.846 0.00064286
403.969 0.00015476
404.323 0.00226190
404.464 0.00083333
404.49 0.00110714
405.007 0.00369048
405.127 0.00130952
405.164 0.00053571
405.543 0.00084524
405.746 0.02380952
405.815 0.00086905
406.045 0.00452381
406.088 0.00051190
406.212 0.00077381
406.653 0.00025000
407.21 0.00097619
407.297 0.00113095
407.35 0.00190476
407.87 0.00369048
407.882 0.02380952
407.9 0.00023810
408.29 0.00178571
408.981 0.00142857
409.188 0.00044048
409.35 0.00021429
409.503 0.00067857
409.889 0.01071429
410.034 0.00214286
410.097 0.00013095
410.31 0.00109524
410.495 0.00440476
410.908 0.00321429
410.971 0.01190476
411.005 0.00178571
411.041 0.00333333
411.214 0.00333333
411.234 0.00014286
411.242 0.00022619
411.326 0.00030952
411.352 0.00030952
411.611 0.01785714
412.186 0.00069048
412.355 0.00154762
413.101 0.00226190
413.124 0.00022619
413.24 0.00190476
413.513 0.00440476
413.881 0.00044048
414.199 0.00214286
414.392 0.00082143
414.574 0.00357143
414.678 0.00044048
414.819 0.00032143
415.078 0.00047619
415.204 0.00119048
415.274 0.00061905
415.465 0.00029762
415.466 0.00075000
415.617 0.00029762
415.804 0.02380952
416.216 0.00690476
416.237 0.00026190
416.76 0.00026190
417.099 0.00091667
417.517 0.00079762
417.653 0.00214286
418.01 0.11309524
418.029 0.00014286
418.115 0.00058333
419.301 0.00845238
419.315 0.08333333
419.353 0.06547619
419.487 0.00238095
419.781 0.00226190
420.125 0.00392857
420.239 0.00061905
420.322 0.00142857
420.37 0.02380952
420.389 0.00416667
420.54 0.00476190
420.708 0.00028571
420.848 0.08333333
420.947 0.04166667
420.958 0.00297619
421.372 0.07142857
421.399 0.00428571
421.469 0.00105952
421.53 0.00035714
421.56 0.03571429
421.671 0.00178571
422.3 0.05952381
422.596 0.00028571
422.697 0.00178571
423.266 0.00014286
423.503 0.00226190
423.576 0.00029762
423.72 0.00032143
423.766 0.00154762
423.796 0.00045238
423.825 0.06547619
424.024 0.00250000
424.388 0.00166667
424.441 0.00500000
424.538 0.06547619
424.638 0.00034524
425.016 0.00032143
425.157 0.01785714
425.357 0.00202381
425.592 0.00273810
426.34 0.00333333
426.357 0.00109524
426.496 0.00130952
426.984 0.00404762
427.258 0.00250000
427.414 0.00059524
427.851 0.00021429
427.891 0.00063095
427.916 0.00032143
428.055 0.00190476
428.589 0.00404762
428.758 0.00114286
429.517 0.00033333
429.64 0.08928571
429.675 0.00226190
429.796 0.00034524
429.96 0.00046429
430.11 0.00047619
430.569 0.00464286
430.583 0.00030952
430.621 0.00029762
430.71 0.00045238
430.801 0.00166667
430.932 0.00190476
431.051 0.08333333
431.985 0.00036905
432.182 0.00654762
432.78 0.00030952
433.052 0.16071429
433.16 0.00032143
433.208 0.00119048
433.581 0.00166667
433.707 0.00500000
433.79 0.00033333
434.256 0.00142857
435.459 0.00130952
435.626 0.00333333
435.728 0.00038095
435.763 0.00066667
436.533 0.00369048
436.705 0.00595238
436.92 0.04166667
437.229 0.00809524
437.246 0.00055952
437.306 0.00080952
437.378 0.01785714
437.388 0.00027381
437.944 0.00238095
438.085 0.00345238
438.391 0.05357143
438.493 0.01785714
438.577 0.04166667
438.601 0.00154762
438.747 0.00154762
438.772 0.00154762
439.209 0.00063095
439.32 0.12500000
439.517 0.00416667
439.577 0.12500000
439.917 0.00190476
440.454 0.00029762
440.688 0.05357143
441.306 0.00190476
441.484 0.07142857
441.607 0.03571429
441.778 0.00048810
441.797 0.00073810
442.208 0.00297619
442.37 0.00048810
442.525 0.00025000
442.752 0.00047619
442.826 0.00238095
442.91 0.00071429
443.085 0.00297619
443.417 0.00369048
444.095 0.01190476
444.813 0.12500000
445.132 0.00029762
445.329 0.00029762
445.36 0.00202381
446.219 0.14285714
446.46 0.00010714
446.577 0.00020238
446.816 0.00042857
447.09 0.00250000
448.005 0.00023810
448.086 0.05357143
448.595 0.00404762
448.86 0.00102381
448.89 0.00107143
448.897 0.00052381
449.28 0.00190476
450.098 0.57142857
450.341 0.00833333
450.711 0.00345238
450.897 0.00116667
451.567 0.00064286
452.186 0.05357143
452.421 0.10714286
452.468 0.41071429
452.563 0.00050000
452.824 0.00089286
453.249 0.06547619
453.509 0.00027381
453.692 0.01785714
453.738 0.00202381
454.089 0.06547619
454.399 0.00085714
454.523 0.04761905
455.079 0.00178571
455.091 0.00025000
455.551 0.00015476
455.594 0.02976190
455.73 0.00033333
455.849 0.00273810
456.3 0.00040476
456.791 0.00044048
456.912 0.00090476
457.185 0.00690476
457.66 0.00714286
457.706 0.04761905
457.803 0.00047619
458.07 0.01785714
458.275 0.14285714
458.548 0.08928571
458.778 0.00190476
459.18 0.00023810
459.205 0.05952381
459.298 0.00052381
459.37 0.00202381
459.63 0.00025000
460.16 0.00046429
460.303 0.10119048
461.189 0.23214286
461.483 0.00052381
461.506 0.01785714
461.55 0.04166667
461.75 0.02380952
461.957 0.00103571
462.042 0.00333333
462.428 0.60714286
462.999 0.00226190
463.146 0.00119048
463.165 0.00077381
463.264 0.00273810
463.33 0.00952381
463.449 0.00309524
463.829 0.00060714
464.14 0.00071429
464.24 0.25000000
464.36 0.00017857
464.417 0.00090476
465.194 0.04166667
465.247 0.00166667
465.3 0.01107143
465.533 0.00045238
465.673 0.00029762
465.778 0.00500000
466.226 0.00178571
466.628 0.01190476
466.849 0.02380952
467.123 1.00000000
467.16 0.00250000
467.181 0.00095238
467.22 0.02380952
467.367 0.00666667
467.394 0.00038095
467.456 0.01190476
467.542 0.00130952
467.646 0.04761905
467.675 0.00250000
467.831 0.00100000
467.86 0.00238095
467.945 0.00154762
468.073 0.00046429
468.165 0.00046429
468.355 0.00904762
468.519 0.00090476
468.586 0.00050000
468.82 0.00050000
469.097 0.04761905
469.205 0.00040476
469.334 0.00500000
469.702 0.14285714
469.742 0.00226190
469.801 0.07738095
469.962 0.00154762
470.2 0.00050000
470.467 0.00392857
470.821 0.00250000
470.892 0.00392857
471.258 0.00738095
471.263 0.01000000
471.376 0.00050000
471.518 0.04166667
472.1 0.00100000
472.36 0.00619048
472.721 0.00050000
473.119 0.02380952
473.251 0.00500000
473.415 0.30357143
473.749 0.00250000
474.387 0.00119048
474.455 0.00238095
474.894 0.00726190
475.732 0.00392857
476.776 0.00380952
476.905 0.04761905
476.994 0.00273810
477.319 0.02380952
477.518 0.00476190
477.576 0.00476190
477.918 0.02380952
478.108 0.00116667
478.665 0.00369048
478.777 0.02380952
479.184 0.00070238
479.256 0.01190476
479.262 0.07142857
479.449 0.00797619
479.54 0.00094048
479.648 0.00190476
479.651 0.00154762
479.705 0.00166667
479.835 0.00036905
479.945 0.00595238
479.971 0.00040476
480.21 0.00046429
480.702 0.37500000
481.714 0.01190476
481.802 0.06547619
482.335 0.09523810
482.971 0.26785714
483.025 0.00103571
483.108 0.00102381
483.22 0.00098810
483.357 0.00464286
483.628 0.00050000
484.087 0.00026190
484.14 0.00033333
484.18 0.00026190
484.185 0.00026190
484.329 0.09523810
484.39 0.00109524
484.433 0.32142857
484.782 0.00063095
484.93 0.00190476
485.02 0.00042857
485.093 0.00033333
485.239 0.00130952
485.377 0.01059524
485.48 0.00035714
486.245 0.11309524
486.881 0.00040476
486.887 0.00013095
486.94 0.00285714
487.467 0.00014286
487.65 0.05357143
488.105 0.00033333
488.353 0.08928571
488.415 0.01785714
488.517 0.00061905
488.73 0.04761905
489.009 0.04761905
489.218 0.00045238
489.99 0.00027381
490.469 0.00089286
490.52 0.00073810
490.642 0.00036905
491.651 0.16071429
491.887 0.00022619
491.966 0.03571429
492.148 0.16071429
492.315 0.16071429
492.424 0.00130952
492.672 0.00026190
492.751 0.00130952
493.43 0.00027381
493.76 0.00032143
494.357 0.00030952
495.253 0.00022619
495.413 0.00333333
496.5 0.00086905
497.171 0.01785714
497.271 0.03571429
497.441 0.00015476
497.487 0.00035714
498.795 0.00014286
498.877 0.02380952
499.117 0.00714286
499.303 0.00142857
499.393 0.00142857
499.544 0.00026190
499.61 0.00014286
500.101 0.00214286
500.78 0.00345238
500.853 0.00642857
501.283 0.00773810
501.741 0.00034524
501.875 0.00040476
502.301 0.00166667
502.388 0.00142857
502.67 0.00053571
502.828 0.11309524
503.615 0.00142857
503.862 0.00071429
504.006 0.00032143
504.14 0.00226190
504.492 0.02380952
505.254 0.00642857
506.633 0.00053571
506.982 0.00238095
507.053 0.00020238
507.38 0.00015476
508.062 0.04761905
508.107 0.00226190
509.193 0.00250000
509.959 0.00108333
510.4 0.00040476
510.733 0.00809524
510.858 0.00166667
511.453 0.00064286
511.646 0.00054762
512.242 0.06547619
512.57 0.01785714
512.7 0.00035714
512.724 0.00250000
514.298 0.00488095
514.803 0.00119048
515.19 0.00238095
515.908 0.08333333
516.271 0.05357143
516.439 0.00547619
516.47 0.00535714
516.73 0.00464286
517.882 0.02380952
517.92 0.00047619
518.225 0.00030952
518.448 0.01000000
518.585 0.00044048
518.804 0.01785714
519.137 0.02380952
519.21 0.00619048
519.492 0.00119048
519.99 0.00016667
520.142 0.00238095
520.188 0.00080952
520.367 0.00021429
520.607 0.00026190
521.317 0.00067857
521.5 0.00036905
521.82 0.00050000
522.362 0.00428571
522.657 0.00309524
522.69 0.00154762
522.999 0.00029762
523.31 0.00083333
523.396 0.00027381
523.65 0.00021429
523.892 0.00380952
524.267 0.00020238
524.527 0.00055952
524.775 0.00607143
524.898 0.00045238
525.189 0.00019048
525.396 0.00010357
525.989 0.00178571
526.019 0.00130952
526.044 0.01785714
526.195 0.01190476
526.831 0.00273810
526.885 0.00029762
527.135 0.00020238
527.348 0.00010476
528.246 0.00054762
528.33 0.00011071
528.52 0.00005833
528.611 0.00023810
528.638 0.00017857
528.878 0.00006667
529.13 0.00015476
529.222 0.05952381
529.292 0.00030952
530.637 0.00027381
530.927 0.01190476
531.097 0.00055952
531.387 0.05357143
531.658 0.00010714
531.83 0.00010952
531.983 0.00022619
532.157 0.00008571
532.28 0.00008690
532.512 0.00108333
532.783 0.00023810
533.017 0.00009524
533.298 0.00011905
533.591 0.00009286
533.789 0.00022619
533.933 0.05952381
534.131 0.00050000
534.717 0.00065476
534.787 0.00080952
535.292 0.00261905
535.68 0.00019048
536.224 0.00404762
536.32 0.02380952
536.439 0.00025000
536.463 0.00845238
536.703 0.00178571
536.807 0.02976190
537.101 0.00053571
537.239 0.05952381
537.283 0.00079762
537.374 0.00027381
537.765 0.00028571
537.985 0.00190476
538.415 0.00034524
538.664 0.00202381
539.28 0.03571429
539.462 0.00476190
539.474 0.00678571
539.763 0.00029762
540.045 0.00130952
540.101 0.00476190
541.349 0.00154762
541.536 0.00452381
541.662 0.00082143
541.802 0.00082143
541.915 0.16071429
542.176 0.00030952
542.668 0.00015476
542.807 0.00027381
543.138 0.00014286
543.274 0.00079762
543.56 0.00077381
543.896 0.07142857
543.992 0.00535714
544.039 0.00273810
544.487 0.00019048
544.545 0.01785714
544.738 0.00023810
544.854 0.00023810
545.045 0.02380952
545.09 0.00607143
545.306 0.00111905
545.432 0.00066667
545.454 0.00022619
545.645 0.00044048
546.004 0.00285714
546.039 0.03571429
546.212 0.00015476
546.954 0.00119048
547.094 0.00025000
547.261 0.05952381
547.912 0.00020238
548.113 0.00032143
548.119 0.00022619
548.133 0.00022619
548.383 0.00069048
548.416 0.00023810
548.446 0.00071429
548.703 0.00117857
548.856 0.00416667
550.398 0.00154762
550.746 0.00285714
550.965 0.00214286
551.053 0.00142857
551.856 0.00079762
551.877 0.00057143
552.305 0.00042857
552.433 0.00309524
552.553 0.00630952
553.107 0.07738095
553.278 0.00050000
553.361 0.00025000
553.72 0.00025000
554.033 0.00025000
554.038 0.00073810
554.561 0.00025000
554.805 0.00047619
555.15 0.00050000
555.238 0.01785714
555.278 0.00142857
555.31 0.00073810
555.506 0.00048810
555.728 0.00048810
556.35 0.00050000
556.583 0.00026190
556.662 0.02380952
556.777 0.00051190
556.788 0.00025000
557.007 0.00026190
557.091 0.00028571
557.219 0.01190476
557.527 0.00054762
557.928 0.01178571
558.031 0.00416667
558.178 0.01785714
558.35 0.00309524
558.518 0.00069048
559.161 0.01785714
559.437 0.00202381
559.487 0.00261905
560.283 0.00369048
560.433 0.00154762
560.601 0.00380952
560.799 0.00086905
561.018 0.00072619
561.265 0.00380952
561.289 0.00050000
561.667 0.03571429
561.888 0.01785714
562.124 0.00044048
562.478 0.00095238
563.324 0.00090476
564.126 0.00029762
564.619 0.00090476
565.053 0.00021429
565.284 0.00030952
565.387 0.00020238
565.431 0.00020238
565.724 0.00019048
565.938 0.01785714
566.385 0.00026190
566.446 0.00019048
566.627 0.00035714
566.756 0.03571429
567.091 0.00297619
567.515 0.00057143
568.187 0.00021429
568.649 0.00022619
568.82 0.00028571
568.837 0.00452381
568.964 0.00027381
569.575 0.01154762
569.648 0.00928571
569.854 0.00095238
569.961 0.01190476
570.124 0.00036905
570.334 0.00013095
570.687 0.00038095
570.98 0.00130952
571.18 0.00013095
571.221 0.00026190
571.572 0.00904762
571.61 0.01178571
571.625 0.01035714
571.961 0.01190476
572.214 0.00202381
572.326 0.00013095
572.61 0.00054762
572.691 0.02976190
573.056 0.00014286
573.348 0.00057143
574.017 0.00089286
574.073 0.00015476
574.42 0.00015476
574.82 0.00119048
574.867 0.00101190
575.103 0.02976190
575.256 0.00238095
575.403 0.00046429
575.46 0.00030952
575.865 0.02380952
576.194 0.00023810
577.639 0.02380952
578.051 0.00051190
578.083 0.00026190
579.188 0.00055952
579.226 0.00033333
580.731 0.00369048
580.95 0.00034524
581.45 0.01785714
581.596 0.01190476
581.95 0.00026190
582.052 0.00654762
582.157 0.00028571
582.389 0.07738095
582.479 0.00030952
582.48 0.03571429
582.772 0.00048810
583.063 0.00488095
583.55 0.01178571
584.083 0.00090476
584.343 0.00109524
584.546 0.00023810
584.621 0.00042857
584.928 0.00025000
584.985 0.00078571
585.547 0.00119048
585.651 0.00642857
585.755 0.00166667
585.947 0.01190476
587.502 0.07738095
587.725 0.00077381
587.892 0.00428571
588.912 0.00845238
588.982 0.00166667
589.026 0.00041667
589.17 0.00166667
589.329 0.05952381
589.499 0.04166667
589.562 0.00078571
589.856 0.00297619
589.911 0.00070238
590.413 0.00033333
590.446 0.00654762
590.513 0.02976190
590.676 0.00092857
590.967 0.00714286
591.19 0.00142857
591.28 0.00142857
591.332 0.00029762
591.36 0.00029762
591.665 0.00154762
591.744 0.01785714
592.15 0.00154762
592.185 0.00511905
592.255 0.01035714
592.556 0.00392857
592.815 0.00261905
593.124 0.07142857
593.414 0.00166667
593.417 0.07738095
593.455 0.00154762
593.499 0.00073810
594.553 0.04166667
595.567 0.00226190
595.803 0.00988095
596.115 0.00166667
596.328 0.00065476
596.452 0.00015476
597.0 0.00009405
597.113 0.01190476
597.282 0.00007857
597.3 0.00007857
597.415 0.00309524
597.646 0.05952381
597.829 0.00014286
597.92 0.00007857
597.942 0.00007857
598.623 0.00051190
598.844 0.00030952
598.918 0.00333333
599.186 0.00214286
599.271 0.00072619
599.812 0.01190476
599.83 0.00046429
599.867 0.00047619
600.03 0.00055952
600.791 0.01166667
600.892 0.07738095
600.978 0.00619048
601.41 0.00076190
602.289 0.00046429
602.414 0.00083333
602.458 0.00117857
602.651 0.00033333
602.676 0.00130952
602.978 0.00369048
603.136 0.00021429
603.492 0.00032143
603.531 0.00015476
603.62 0.07142857
603.897 0.00013095
604.338 0.00111905
604.8 0.00063095
604.853 0.00052381
605.115 0.07142857
606.035 0.00015476
606.45 0.00013095
606.491 0.00020238
606.752 0.00027381
606.777 0.00022619
608.321 0.00073810
609.338 0.00038095
609.35 0.01785714
609.515 0.00016667
609.759 0.08333333
610.143 0.02976190
610.388 0.00051190
610.764 0.00021429
610.837 0.00178571
611.035 0.00077381
611.176 0.00833333
611.178 0.00027381
611.19 0.00027381
611.195 0.01119048
611.486 0.00333333
611.508 0.01785714
612.391 0.00250000
612.636 0.00821429
612.744 0.00845238
612.91 0.00069048
613.147 0.00072619
613.521 0.00058333
614.213 0.00111905
614.34 0.00559524
614.37 0.00226190
614.497 0.01154762
614.645 0.02976190
615.207 0.01190476
615.528 0.00190476
616.216 0.00190476
616.366 0.05357143
616.387 0.00061905
616.394 0.04761905
617.83 0.07738095
617.966 0.06547619
618.242 0.14285714
618.416 0.00142857
618.457 0.01190476
618.503 0.01190476
618.579 0.00142857
618.91 0.00892857
619.14 0.00166667
619.389 0.00082143
619.407 0.10119048
619.549 0.00044048
619.642 0.00042857
619.826 0.03571429
620.089 0.02380952
620.149 0.00105952
620.345 0.00035714
620.381 0.00035714
620.535 0.00190476
620.575 0.00130952
620.596 0.00345238
620.63 0.00630952
620.911 0.00088095
622.084 0.00055952
622.164 0.00178571
622.417 0.01130952
623.081 0.00130952
623.54 0.00309524
623.819 0.00440476
624.209 0.00273810
625.532 0.00064286
625.905 0.00416667
626.01 0.00202381
626.121 0.01190476
626.53 0.01083333
626.833 0.00022619
626.834 0.00022619
627.082 0.06547619
627.323 0.00250000
627.333 0.00045238
627.594 0.00022619
627.699 0.00095238
627.754 0.04761905
628.181 0.00117857
628.374 0.00046429
628.441 0.01178571
628.601 0.02380952
629.265 0.01190476
629.445 0.00380952
629.639 0.00261905
629.831 0.00785714
630.086 0.03571429
630.501 0.00032143
631.146 0.00857143
631.497 0.00428571
631.803 0.00142857
631.806 0.14285714
632.581 0.00052381
633.15 0.00452381
633.39 0.00119048
633.397 0.00845238
633.758 0.00166667
634.126 0.00054762
634.396 0.04166667
634.498 0.00044048
635.32 0.00666667
635.577 0.00440476
635.635 0.06547619
636.763 0.00061905
637.109 0.00022619
637.165 0.00067857
637.528 0.02380952
638.324 0.00036905
639.607 0.00040476
639.799 0.02380952
640.705 0.00060714
640.753 0.00057143
640.967 0.00060714
641.238 0.00666667
641.841 0.02380952
641.858 0.02380952
641.893 0.00069048
641.898 0.02380952
642.133 0.00069048
642.147 0.00070238
642.673 0.00130952
643.016 0.01190476
643.501 0.00060714
643.832 0.00057143
643.89 0.00057143
644.018 0.00110714
644.23 0.00053571
644.87 0.00100000
645.034 0.00050000
645.048 0.00345238
645.179 0.00511905
645.453 0.00111905
645.61 0.00178571
645.871 0.00059524
646.148 0.00619048
646.15 0.00178571
646.219 0.00063095
646.97 0.19642857
647.284 0.09523810
647.969 0.00273810
648.363 0.00104762
648.397 0.00105952
648.478 0.00369048
648.776 0.16071429
649.333 0.00154762
649.743 0.03571429
649.872 0.08928571
650.037 0.00988095
650.108 0.00369048
650.247 0.00038095
650.418 0.05357143
650.438 0.00025000
650.75 0.00072619
651.006 0.00023810
651.228 0.00025000
651.283 0.03571429
651.362 0.00041667
651.548 0.00023810
652.151 0.01785714
652.865 0.02380952
653.017 0.00114286
653.316 0.01785714
654.147 0.00190476
654.336 0.04761905
654.558 0.00511905
654.612 0.02380952
655.26 0.00060714
655.299 0.00057143
655.366 0.00214286
655.42 0.02380952
655.635 0.00166667
655.67 0.00250000
655.85 0.00321429
655.862 0.00050000
655.997 0.01190476
656.065 0.00202381
656.136 0.00053571
656.319 0.00750000
656.839 0.01785714
656.913 0.00369048
657.368 0.01190476
658.327 0.00404762
658.526 0.00051190
658.817 0.00013095
659.086 0.00095238
659.327 0.00010595
659.501 0.04166667
659.556 0.00976190
659.725 0.01785714
659.884 0.00464286
659.971 0.00009167
660.158 0.00009167
660.206 0.00009167
660.287 0.00036905
660.446 0.00009762
660.498 0.00010238
660.741 0.00416667
660.83 0.00028571
660.887 0.00166667
661.128 0.00142857
661.496 0.00285714
661.84 0.01059524
661.933 0.00428571
662.002 0.03571429
662.108 0.00039286
662.288 0.00067857
662.546 0.00297619
663.044 0.00080952
663.246 0.01785714
663.413 0.00404762
663.638 0.00041667
663.835 0.00142857
663.885 0.00097619
664.29 0.00050000
664.875 0.00178571
665.385 0.00077381
665.467 0.00078571
665.617 0.01190476
665.774 0.00190476
665.792 0.01785714
666.31 0.00214286
666.485 0.00452381
666.555 0.00226190
666.559 0.00226190
666.567 0.00115476
666.629 0.00115476
666.696 0.07142857
666.892 0.17857143
667.653 0.00079762
667.897 0.01785714
668.104 0.01023810
668.479 0.00892857
669.122 0.00020238
669.432 0.04761905
669.881 0.00032143
670.225 0.00988095
670.326 0.00020238
670.362 0.00020238
670.546 0.00020238
670.646 0.00015476
670.825 0.00050000
671.06 0.00025000
671.293 0.00096429
671.939 0.00098810
672.138 0.00119048
672.274 0.00702381
672.801 0.33928571
672.857 0.00178571
673.387 0.02380952
673.614 0.00178571
673.65 0.00178571
674.427 0.00117857
675.193 0.00047619
675.279 0.00046429
675.683 0.00040476
675.944 0.00076190
676.712 0.00428571
676.794 0.00166667
677.757 0.01785714
677.86 0.01785714
678.04 0.00738095
678.871 0.02380952
679.037 0.01190476
679.947 0.00076190
680.574 0.12500000
680.812 0.00154762
681.564 0.01190476
681.576 0.00116667
681.816 0.00702381
681.838 0.02380952
682.681 0.00226190
682.732 0.46428571
684.096 0.00797619
684.15 0.01785714
684.427 0.00075000
684.484 0.00142857
684.661 0.03571429
684.783 0.00214286
684.882 0.02976190
685.012 0.00057143
685.013 0.01785714
685.844 0.00044048
686.019 0.01785714
686.32 0.00583333
686.558 0.00110714
686.684 0.00928571
687.211 0.19642857
688.216 0.50000000
689.569 0.00392857
691.022 0.04761905
691.082 0.02380952
691.874 0.00052381
692.222 0.00428571
692.467 0.00869048
692.553 0.05952381
693.562 0.04166667
693.669 0.00714286
694.976 0.00061905
694.993 0.05952381
696.11 0.00500000
697.618 0.02380952
698.205 0.00928571
699.088 0.26785714
699.165 0.00028571