387.285 0.01133333
387.998 0.02600000
388.258 0.01400000
388.717 0.04000000
389.655 0.20000000
390.085 0.04600000
390.481 0.13400000
391.127 0.00600000
391.275 0.01600000
391.323 0.02000000
393.123 0.33333333
398.556 0.03400000
398.799 0.33333333
399.088 0.02000000
399.174 0.00333333
399.767 0.00400000
400.736 0.00266667
402.814 0.00733333
403.303 0.01066667
405.228 0.01200000
407.453 0.00266667
407.728 0.13200000
408.968 0.05600000
409.067 0.02200000
409.823 0.01800000
411.925 0.00333333
412.106 0.01200000
413.509 0.06800000
414.907 0.04600000
415.004 0.02000000
415.311 0.03400000
416.272 0.26666667
417.295 0.20000000
417.456 0.04200000
418.081 0.46666667
419.434 0.07600000
419.495 0.26666667
419.874 0.02400000
421.364 0.40000000
421.856 0.10800000
421.869 0.03200000
422.083 0.01200000
423.107 0.01800000
423.197 0.03800000
427.774 0.06000000
428.964 0.06000000
430.114 0.12400000
430.401 0.11400000
430.597 0.13333333
431.695 0.40000000
435.08 0.05600000
438.007 0.03600000
439.369 0.05200000
443.021 0.12200000
443.919 0.60000000
448.242 0.13333333
451.516 0.13333333
451.758 0.12600000
455.358 0.26666667
456.395 0.20000000
457.621 0.73333333
458.236 0.60000000
458.921 0.26666667
459.083 0.26666667
459.836 0.33333333
463.914 0.05000000
468.381 0.02600000
468.427 0.00666667
472.608 0.40000000
478.187 0.13333333
478.661 0.60000000
481.643 0.09000000
482.024 0.26666667
483.493 0.03400000
483.696 0.40000000
483.746 0.04200000
485.115 0.03200000
489.46 0.03000000
491.236 0.01066667
493.55 0.60000000
493.722 0.20000000
496.69 0.04200000
500.952 0.06600000
505.494 0.02000000
506.73 0.00933333
506.78 0.01800000
506.914 0.05800000
507.434 0.40000000
507.674 0.10800000
513.598 0.09200000
514.702 0.07000000
518.415 0.03800000
519.608 0.02600000
521.16 0.05000000
524.051 0.04400000
524.411 0.05400000
525.685 0.03800000
525.749 0.10800000
527.704 0.20000000
527.953 0.10600000
530.094 0.06200000
533.154 0.05000000
533.515 0.40000000
534.566 0.09400000
534.583 0.04800000
534.722 0.20000000
535.129 0.04800000
535.295 0.26666667
535.864 0.09600000
536.366 0.02400000
538.984 0.03200000
543.271 0.13333333
544.927 0.13333333
547.85 0.06400000
548.192 0.06000000
550.549 0.03600000
552.454 0.00800000
553.905 0.13333333
555.647 1.00000000
556.209 0.00400000
556.811 0.01400000
558.636 0.01400000
558.845 0.07600000
565.198 0.08600000
568.653 0.01133333
571.999 0.20000000
574.083 0.02000000
574.991 0.01200000
575.589 0.01800000
577.166 0.06000000
580.344 0.02000000
581.941 0.13333333
583.399 0.10400000
583.714 0.26666667
585.451 0.07400000
589.721 0.40000000
590.836 0.10200000
594.902 0.02200000
597.305 0.03800000
598.933 0.02200000
599.151 0.26666667
605.288 0.03400000
605.457 0.01133333
605.585 0.08200000
615.257 0.12600000
621.422 0.07800000
624.697 0.13333333
627.478 0.20000000
630.815 0.02000000
632.852 0.08400000
636.588 0.00666667
637.833 0.12400000
640.035 0.20000000
641.791 0.13333333
643.273 0.04400000
646.315 0.11000000
646.633 0.05000000
648.906 0.60000000
664.355 0.03400000
666.782 0.66666667
667.817 0.01400000
672.761 0.05600000
676.87 0.06800000
679.96 0.93333333
693.405 0.02000000
698.515 0.03200000
699.988 0.02000000