384.029 0.05400000
387.914 0.00108000
388.334 0.05400000
396.543 0.01600000
407.814 0.00500000
411.321 0.01200000
411.939 0.01000000
429.288 0.12300000
429.832 0.10200000
455.327 0.00700000
455.549 0.00900000
455.796 0.01300000
456.074 0.01200000
456.389 0.01300000
456.745 0.01500000
457.155 0.01700000
457.624 0.01500000
458.167 0.01100000
458.795 0.00700000
459.542 0.00400000
460.422 0.00300000
461.483 0.00300000
462.769 0.00300000
462.981 0.10800000
464.351 0.00300000
466.559 0.00188000
468.014 0.70000000
469.143 0.00200000
472.216 1.00000000
472.527 0.00200000
477.071 0.00158000
481.053 0.90000000
491.163 0.03000000
492.389 0.00009600
492.401 0.03000000
506.865 0.00200000
506.95 0.00500000
506.998 0.01200000
518.198 0.05400000
530.864 0.00300000
531.024 0.00300000
531.102 0.00300000
577.21 0.00300000
577.55 0.00300000
577.711 0.01300000
589.436 0.01200000
602.118 0.00700000
610.249 0.01100000
611.153 0.00600000
621.458 0.00800000
623.79 0.00500000
623.917 0.00500000
636.235 0.50000000
647.918 0.00500000
692.832 0.00900000
693.847 0.00500000
694.32 0.00180000