382.02 0.01075269
382.241 0.02129032
382.46 0.51612903
382.772 0.61290323
382.923 0.01032258
383.009 0.51612903
383.596 0.05376344
383.676 0.04301075
383.703 0.02021505
384.24 0.54838710
384.302 0.07526882
384.701 0.01935484
384.925 0.01913978
386.387 0.03225806
386.434 0.08602151
387.76 0.01698925
387.905 0.01698925
388.542 0.04301075
389.032 0.22580645
389.138 0.16129032
390.052 0.12903226
390.762 0.00430108
391.078 0.00236559
391.594 0.02129032
391.693 0.06451613
392.062 0.22580645
392.179 0.07526882
392.58 0.08602151
392.694 0.01526882
392.953 0.05376344
393.148 0.04301075
393.412 0.00967742
393.479 0.00946237
395.822 0.25806452
396.317 0.21505376
396.523 0.00430108
396.666 0.00148387
396.826 0.05376344
397.169 0.08602151
397.35 0.01247312
397.398 0.08602151
397.529 0.02150538
398.16 0.00731183
398.854 0.00688172
399.113 0.04301075
399.897 0.01010753
400.76 0.00602151
401.225 0.00408602
401.632 0.00279570
401.695 0.00258065
401.757 0.00043011
401.813 0.00408602
402.398 0.00473118
402.492 0.00387097
402.72 0.01698925
402.895 0.00731183
402.968 0.00752688
403.004 0.00688172
403.248 0.00113978
403.359 0.00073118
403.589 0.01139785
403.678 0.06451613
404.222 0.00967742
404.358 0.01032258
404.456 0.01075269
404.561 0.00451613
404.867 0.01483871
405.033 0.01032258
405.048 0.01311828
405.503 0.07526882
405.571 0.01913978
406.153 0.03225806
406.416 0.19354839
407.27 0.22580645
407.493 0.02086022
407.653 0.01376344
407.831 0.01118280
408.027 0.00451613
408.122 0.11827957
408.711 0.07526882
410.84 0.01053763
412.146 0.01354839
412.543 0.08602151
412.638 0.17204301
413.209 0.07526882
413.744 0.20430108
414.665 0.01311828
414.92 0.07526882
415.264 0.02150538
415.337 0.00195699
415.624 0.02150538
416.083 0.16129032
416.121 0.02150538
416.53 0.00795699
416.636 0.03225806
417.135 0.01290323
417.287 0.16129032
418.332 0.03225806
418.756 0.00537634
419.35 0.09677419
419.476 0.00860215
419.731 0.00001505
419.827 0.08602151
419.909 0.11827957
420.146 0.01247312
420.355 0.05376344
420.898 0.01784946
421.188 0.01612903
421.386 0.04301075
422.776 0.18279570
423.57 0.25806452
423.606 0.00795699
423.931 0.09677419
424.034 0.09677419
424.12 0.09677419
424.169 0.09677419
426.802 0.08602151
428.22 0.06451613
429.479 0.09677419
430.289 0.25806452
431.708 0.29032258
434.113 0.03225806
434.268 0.19354839
434.789 0.01763441
435.974 0.01634409
436.081 0.06451613
436.645 0.17204301
437.978 0.83870968
440.739 0.18279570
441.304 0.10752688
442.046 0.74193548
442.724 0.51612903
443.149 0.41935484
444.3 0.19354839
445.743 0.16129032
446.691 0.07526882
447.031 0.04301075
447.056 0.08602151
449.697 0.19354839
450.712 0.25806452
453.575 0.11827957
454.222 0.10752688
455.301 0.03225806
455.513 0.03225806
455.552 0.07526882
456.164 0.07526882
456.925 0.15053763
457.552 0.10752688
458.229 0.02150538
459.055 0.04301075
460.257 0.08602151
460.442 0.07526882
460.897 0.02043011
462.641 0.04301075
463.398 1.00000000
464.483 0.10752688
468.342 0.04301075
468.78 0.38709677
468.845 0.15053763
470.779 0.02150538
471.008 0.22580645
471.192 0.05376344
471.762 0.01483871
471.912 0.02021505
473.233 0.09677419
473.948 0.32258065
476.278 0.03225806
477.231 0.41935484
478.492 0.18279570
478.867 0.05376344
480.587 0.09677419
480.947 0.05376344
481.504 0.09677419
481.563 0.25806452
482.429 0.15053763
482.804 0.09677419
483.878 0.07526882
485.136 0.25806452
486.606 0.22580645
488.124 0.06451613
488.36 0.07526882
499.476 0.05376344
501.146 0.29032258
504.658 0.19354839
506.039 0.13978495
506.491 0.13978495
506.522 0.13978495
507.026 0.12903226
507.398 0.09677419
507.825 0.22580645
508.526 0.11827957
511.227 0.06451613
511.524 0.15053763
512.042 0.19354839
513.34 0.41935484
515.545 0.77419355
515.8 0.51612903
515.867 0.15053763
516.099 0.29032258
516.596 0.29032258
517.899 0.04301075
518.37 0.10752688
518.703 0.04301075
519.16 0.15053763
520.115 0.13978495
520.93 0.10752688
522.493 0.15053763
524.347 0.10752688
527.741 0.18279570
528.005 0.10752688
529.482 0.12903226
529.679 0.15053763
530.197 0.10752688
531.14 0.18279570
532.126 0.07526882
533.084 0.05376344
533.843 0.03225806
535.009 0.07526882
535.035 0.07526882
535.09 0.03225806
535.192 0.04301075
536.256 0.11827957
536.335 0.04301075
536.939 0.04301075
538.237 0.04301075
538.514 0.19354839
538.665 0.05376344
539.118 0.04301075
539.588 0.04301075
540.513 0.05376344
540.762 0.08602151
541.393 0.04301075
542.186 0.04301075
542.636 0.04301075
542.842 0.05376344
543.776 0.07526882
544.041 0.04301075
544.857 0.05376344
547.492 0.03225806
547.74 0.03225806
547.833 0.06451613
548.083 0.07526882
548.116 0.03225806
548.609 0.07526882
550.212 0.19354839
550.787 0.05376344
551.711 0.09677419
551.805 0.04301075
552.841 0.12903226
553.23 0.05376344
553.746 0.08602151
554.532 0.08602151
561.211 0.08602151
562.014 0.06451613
562.353 0.03225806
566.451 0.09677419
566.628 0.00752688
568.09 0.08602151
568.542 0.00344086
570.889 0.01247312
573.57 0.08602151
579.774 0.05376344
584.732 0.00924731
586.827 0.01720430
586.95 0.03225806
587.98 0.22580645
588.562 0.08602151
590.109 0.01354839
592.513 0.10752688
593.52 0.12903226
595.535 0.16129032
598.423 0.12903226
599.537 0.01892473
600.105 0.04301075
602.536 0.08602151
603.261 0.10752688
604.585 0.06451613
604.924 0.08602151
606.284 0.12903226
612.083 0.00967742
612.191 0.05376344
612.484 0.03225806
612.744 0.41935484
613.455 0.25806452
614.046 0.03225806
614.32 0.29032258
615.561 0.00731183
615.771 0.02150538
616.02 0.01032258
618.94 0.02107527
619.296 0.05376344
621.305 0.06451613
621.469 0.06451613
625.726 0.11827957
626.706 0.03225806
629.966 0.06451613
630.434 0.00645161
631.302 0.16129032
631.471 0.00473118
632.135 0.01010753
634.036 0.01741935
634.522 0.03225806
640.7 0.32258065
642.617 0.05376344
643.433 0.03225806
644.574 0.08602151
645.162 0.02150538
645.763 0.01526882
647.021 0.06451613
648.435 0.01956989
648.964 0.25806452
649.31 0.01935484
650.326 0.06451613
650.636 0.08602151
655.054 0.38709677
656.943 0.06451613
657.656 0.05376344
659.199 0.32258065
659.671 0.08602151
659.884 0.13978495
660.327 0.22580645
662.056 0.25806452
667.801 0.12903226
668.818 0.22580645
670.212 0.09677419
670.961 0.10752688
671.788 0.06451613
675.273 0.09677419
676.238 0.29032258
676.916 0.25806452
677.289 0.04301075
678.715 0.06451613
679.085 0.18279570
682.878 0.05376344
683.289 0.06451613
684.533 0.08602151
684.634 0.03225806
684.697 0.10752688
684.926 0.05376344
685.256 0.06451613
688.829 0.20430108
690.059 0.08602151
690.436 0.07526882
690.737 0.08602151
691.687 0.08602151
693.238 0.05376344
694.846 0.05376344
695.384 0.29032258
696.644 0.15053763
697.591 0.03225806
699.084 0.19354839
699.432 0.06451613